time_index,loudness_zwtv,sharpness_din_tv,roughness_dw,tnr_ecma_perseg,sii_ansi
0,0.007069910386158436,,0.0666160869926512,0.0,0.0
1,3.4827570016021365,,0.05619069114582203,0.0,
2,9.158309441379357,,0.05366602477108659,0.0,
3,14.134502993238424,,0.04842413301079786,0.0,
4,18.304786818883137,,0.042728692841478295,0.0,
5,21.054685218533184,3.8144545507551295,0.047370394113578095,0.0,
6,23.476819400865487,3.3721932432146504,0.05132089330885999,0.0,
7,25.212539936229852,3.1667295022902557,0.033814265460408,0.0,
8,26.816592562902677,3.0830894491598615,0.32416142899552974,0.0,
9,28.414970753634567,2.8487249332080884,0.07730929346260217,0.0,
10,29.866687781719477,2.831949337533238,0.04194925524856044,,
11,31.155763096420934,2.71009606632298,0.0672053920812454,,
12,31.87905968488532,2.5255067812587724,0.03158792206467416,,
13,32.57666962870697,2.5459669823688476,0.07360295391079576,,
14,32.80757228983312,2.353320941635545,0.14056774544610914,,
15,33.228451745236896,2.3849925462921826,0.07193148043476302,,
16,34.13200646264613,2.295371826970903,0.06647009129947375,,
17,34.52028776865592,2.17241343883821,0.07420885822975115,,
18,34.79824942464309,2.315584257126009,0.11191426740338548,,
19,34.531961138385626,2.1315587698484717,0.05130008921240241,,
20,34.223832097207186,2.2465403924246137,0.09737574958047138,,
21,34.625698898961815,2.146854473834185,0.053871937935932646,,
22,35.237902014572896,2.275360329769237,0.06934459968187966,,
23,36.59489285816629,2.36031387406424,0.03874212231831765,,
24,37.554207649525225,2.2180294670289675,0.06066348134969736,,
25,37.74383572421493,2.095175170109035,0.08513386252983565,,
26,37.900278766904606,2.204528772823682,0.06473245091671108,,
27,38.48763592589246,2.1880163961668724,0.07734929444004263,,
28,40.15423895825528,2.3674775916884765,0.2629812499270841,,
29,41.204360783976014,2.0566817347165696,0.033894106357791866,,
30,41.37892848278207,2.1710274588269787,0.06856459030629318,,
31,41.57986058386071,2.014442509235333,0.08877125130575945,,
32,41.67386377690963,1.9319743597263932,0.07915767531989179,,
33,42.51522556069898,2.1193705897375525,0.10562535405185389,,
34,42.60319042431708,1.9929113693034675,0.07157039571812136,,
35,43.14564129291179,2.027391954189573,0.04895701990313022,,
36,43.23863160540542,1.941182875758479,0.03952241225850555,,
37,43.575038103671034,1.9375953119619187,0.039833774863240475,,
38,43.688517756394816,1.8501733367726536,0.05750385909388936,,
39,44.798090076454116,2.108489787847703,0.047348710979715394,,
40,45.79365205883728,1.809267614666341,0.040856753493783114,,
41,46.1790599071344,1.969472248807348,0.08838862044143148,,
42,46.48736794837574,1.844878769395804,0.045100898179280945,,
43,46.37601861338628,1.9777303287563428,0.04330837331413098,,
44,46.25863178364797,1.8485472838788168,0.06800594273228795,,
45,46.31210804100249,2.01237218106507,0.0442676104680706,,
46,46.36798041412922,1.8016473508172255,0.057152531871414794,,
47,46.48887764158468,1.9958346382986678,0.10226659851026461,,
48,47.37872844809088,1.877560528492448,0.1834004118162744,,
49,48.21211905617433,2.078513928109682,,,
50,49.29743952836338,1.9914605951351636,,,
51,49.36088122417041,1.7939937126142098,,,
52,49.142846019352355,1.7734717609840873,,,
53,48.66170916355861,1.6991241696046762,,,
54,48.674758805184,1.876227473521283,,,
55,48.17221973641429,1.6856263767258355,,,
56,47.83150381184623,1.8279935550806716,,,
57,47.93902731669698,1.8425277049006619,,,
58,48.80997813448233,1.8889965576003807,,,
59,49.812197640963845,1.7236272159157153,,,
60,50.66481177068833,1.9242733444241829,,,
61,51.104790232997544,1.6563566245826833,,,
62,50.988303718395755,1.9519312932755422,,,
63,51.45038897060084,1.7759752822384627,,,
64,50.95564308957398,1.7067171140714312,,,
65,50.46785275286197,1.6342935747548075,,,
66,50.137470817252236,1.6211951642662064,,,
67,50.571729339272125,1.695742059489104,,,
68,50.4555943798427,1.6067853608234721,,,
69,50.74120163944103,1.8363003748110827,,,
70,51.070001563509166,1.664705520581938,,,
71,52.03310521334893,1.7699742519219512,,,
72,52.96653652977522,1.5655656947468952,,,
73,53.07198957794519,1.6490899633497604,,,
74,52.9991531171499,1.5569019929475774,,,
75,52.76890994367406,1.6558114740250944,,,
76,52.884901501218295,1.627875076314334,,,
77,53.06613429468091,1.5968514937571816,,,
78,53.72745399420775,1.7180913649635208,,,
79,54.55033888757386,1.532403400696932,,,
80,54.750785835418306,1.6296648984881184,,,
81,54.448209901168646,1.5707113547901093,,,
82,54.264365338102664,1.6835850981252753,,,
83,54.05766102526079,1.5093196939476028,,,
84,53.54040490629033,1.6257990377339624,,,
85,52.87521584813666,1.4735306389417633,,,
86,52.191762898437815,1.6264026041146549,,,
87,52.407348030209505,1.592933159924953,,,
88,52.42249342319746,1.6064379652415062,,,
89,52.67990687098799,1.572229425517771,,,
90,52.25346898077992,1.5913584754975418,,,
91,52.11201802375412,1.5435259373367791,,,
92,52.11680024093482,1.5976651483187883,,,
93,52.674422342602625,1.63485384768704,,,
94,53.3553734012866,1.661424773732027,,,
95,54.061148106649505,1.6899226237291531,,,
96,53.6834852930601,1.5030080179562215,,,
97,52.61388958555109,1.5330665590522408,,,
98,51.53379656896222,1.500358375803406,,,
99,51.608155741288634,1.5777412112132614,,,
100,51.99309668345188,1.468012257809799,,,
101,52.63991021936472,1.610958155326363,,,
102,53.00768159612966,1.4326048940509604,,,
103,53.114349632598035,1.6876104928731734,,,
104,53.34625025889108,1.51633287878227,,,
105,53.340118983065025,1.5902103901005225,,,
106,53.7363741886968,1.5219091987785158,,,
107,54.0664299155747,1.5348812353720045,,,
108,53.77963601745161,1.4260074369416655,,,
109,52.920398569433004,1.4962119076550353,,,
110,52.50079354801009,1.4330686406896285,,,
111,52.19797817199762,1.6338093659519075,,,
112,53.00300424940551,1.5924738702256764,,,
113,53.1266512887934,1.61304833297459,,,
114,52.85310809074292,1.497584206573669,,,
115,52.233633633084864,1.5032369518422595,,,
116,52.08942001287426,1.5197206765273463,,,
117,51.848005181864664,1.4558009413019783,,,
118,51.50790558873399,1.5275290386483216,,,
119,51.00302267251834,1.4225644663644657,,,
120,51.40224180479607,1.571331080154824,,,
121,51.97076374445226,1.4882844626762028,,,
122,52.30673933299555,1.5150321650843566,,,
123,52.35084989567806,1.484494421836154,,,
124,51.86444941550789,1.416867756941604,,,
125,51.41817328952823,1.4156942558398722,,,
126,50.790620998839216,1.455906007055551,,,
127,50.388414119916746,1.4006416097440528,,,
128,49.95578022700635,1.4106946592228184,,,
129,49.48316056683727,1.3413104991859064,,,
130,49.18640058765531,1.3933568053163654,,,
131,49.60933920358312,1.5207145365765427,,,
132,49.57743487804723,1.376379581706902,,,
133,49.705275772125546,1.4606727545893505,,,
134,49.91813635361859,1.400082313419276,,,
135,50.05880647538443,1.3738526835489153,,,
136,50.01067662795096,1.368216132425884,,,
137,49.99029486188029,1.3995890502746076,,,
138,49.80161944605409,1.3350612734916947,,,
139,49.52172338567992,1.4257496142986066,,,
140,49.30870035419975,1.4063447947978078,,,
141,48.995873131185796,1.3511158751607202,,,
142,48.72855502975393,1.3575140423472687,,,
143,48.3144192608639,1.2651073375897588,,,
144,47.9559210213733,1.325512933927254,,,
145,48.040767619804484,1.2935867646493964,,,
146,48.050103201369666,1.397938122360104,,,
147,48.62966088284813,1.3885317498631324,,,
148,48.77849519054887,1.35441591123938,,,
149,48.78561188834732,1.3990826250168718,,,
150,48.6325040502559,1.354215018716111,,,
151,48.11280875493258,1.2696721599204128,,,
152,47.49954962791891,1.3243718465729686,,,
153,47.515855779993444,1.3849805945787914,,,
154,48.1797845796665,1.4231250340471406,,,
155,48.918330959692156,1.4258611146696565,,,
156,49.181853702631614,1.3902343545474898,,,
157,49.24671176206144,1.3680696742024188,,,
158,49.09450722499083,1.3820982393379602,,,
159,49.409185109432585,1.4919301599391517,,,
160,49.338727429103805,1.367773773727833,,,
161,48.621234289469825,1.3691509992354256,,,
162,48.29634507982296,1.3985946708185577,,,
163,48.037844847262605,1.337072625662278,,,
164,47.72289032662026,1.3505075382534277,,,
165,47.73583810168137,1.3075731069947785,,,
166,47.832775770677586,1.3869391782113707,,,
167,48.447905731610874,1.4083075709335329,,,
168,49.29792615093825,1.3847329569401705,,,
169,49.70050419394779,1.4376748603201925,,,
170,49.95964182302386,1.391253955938978,,,
171,49.973568430251674,1.4193556225118888,,,
172,49.82019848453358,1.3573948936310996,,,
173,49.82198784871815,1.4415513022974644,,,
174,50.155537795413935,1.4034007052989184,,,
175,50.300957612929565,1.4156060620217847,,,
176,50.14904750905711,1.3302742889662027,,,
177,50.282609654241625,1.5218883938485186,,,
178,50.53054934850896,1.415933764689124,,,
179,49.82865303223911,1.3365104233434577,,,
180,49.37804125024915,1.376629277998333,,,
181,49.498914063851785,1.5047639574506113,,,
182,50.53398107434052,1.6704392375127624,,,
183,51.047996782805605,1.451764236738797,,,
184,51.206816038046824,1.6042070972835738,,,
185,51.25985786749392,1.4342967259020825,,,
186,51.10980188094143,1.6533696646303266,,,
187,51.097352136650144,1.5595101751420337,,,
188,51.018709481950694,1.4231830385044613,,,
189,51.14947187011313,1.5825325788140634,,,
190,50.95595532333647,1.3885272200290217,,,
191,51.126113875219374,1.6272705970249088,,,
192,51.36214525950818,1.4389878211953053,,,
193,51.39339163607873,1.6439849051923845,,,
194,51.97163102433523,1.6176869601481139,,,
195,52.16794710794258,1.471828630620814,,,
196,52.77483435283898,1.6913563035885688,,,
197,53.379760012500704,1.5517687993875013,,,
198,53.95229557261229,1.7042963552720034,,,
199,55.151278921579184,1.6635503526171065,,,
200,55.28591825663779,1.4642747302464894,,,
201,54.06630672894294,1.393474722069715,,,
202,52.70886177989469,1.3276114261653174,,,
203,51.96762718907644,1.5068235396886895,,,
204,51.63152451398483,1.3934153872071717,,,
205,51.36327259263567,1.452864371492762,,,
206,51.89302005517247,1.5805458739741627,,,
207,52.24397776406751,1.4482281306504194,,,
208,52.14372971839465,1.505517982677837,,,
209,52.49216185526161,1.510500033734446,,,
210,52.60548792844968,1.514195074363675,,,
211,52.46257340680742,1.5142127525626567,,,
212,52.7927742993803,1.5003173094192879,,,
213,53.25884508072187,1.4750669862289658,,,
214,53.12697203952865,1.429796051647863,,,
215,52.64779090808132,1.5474850198165186,,,
216,53.54043427806328,1.67277790879525,,,
217,54.08904672565903,1.4636080600769528,,,
218,53.84342812014522,1.4950435066418528,,,
219,53.40820779349026,1.4123754517909304,,,
220,52.79631853579893,1.609624778793332,,,
221,52.99208107865452,1.6080553530332327,,,
222,53.131936350810534,1.464383014648072,,,
223,53.02688952774626,1.5059817345460529,,,
224,53.0809789764057,1.5063133349931648,,,
225,53.243412280083724,1.5233576348761637,,,
226,52.98749378219276,1.4525245446102146,,,
227,52.457117516482384,1.5486343615397729,,,
228,52.347162107516404,1.5381703788392629,,,
229,52.39856891801611,1.5789016201749224,,,
230,53.13204954032415,1.7603041063258165,,,
231,53.747822913275456,1.5859947537993333,,,
232,53.73007669629406,1.6147966343516231,,,
233,54.35657760834436,1.586163731635456,,,
234,54.36611707068562,1.5858335799300058,,,
235,54.21232997505267,1.5496613280191667,,,
236,54.44764583637651,1.5648643604156272,,,
237,54.77836820137073,1.5807176620306171,,,
238,54.62835878666948,1.5323360035307683,,,
239,54.47191817295603,1.5895488207769377,,,
240,54.32560850977589,1.561431752478292,,,
241,53.97635460981503,1.4889654011897635,,,
242,53.59222943621813,1.5041963429255774,,,
243,53.608840668464794,1.484858255266649,,,
244,53.60585190722623,1.5476404593172652,,,
245,54.04872929448666,1.5391793192398373,,,
246,53.73401067465451,1.4444038037947242,,,
247,53.652416176884856,1.5350464512605109,,,
248,53.74682932809969,1.4921666734650427,,,
249,53.14025333239998,1.465441760779468,,,
250,52.639520958174245,1.4861102687297245,,,
251,52.76804943774292,1.5043108014641258,,,
252,53.081199989222185,1.5037123365166014,,,
253,53.3162175892724,1.493554237264346,,,
254,53.53722245871995,1.5413002727417464,,,
255,54.01642976639623,1.4978735849572449,,,
256,53.611215019420996,1.4575523617907842,,,
257,54.0029723507562,1.558946643402668,,,
258,54.24936213589004,1.5342789861387915,,,
259,54.47858903897048,1.606997623750238,,,
260,54.29079259143663,1.4643615331181323,,,
261,54.283965459771565,1.6009141188353249,,,
262,55.0680523086598,1.5882939576905997,,,
263,55.15685017819175,1.4829149539507682,,,
264,54.703690197061675,1.560808881053979,,,
265,54.573333946154065,1.4816800666610646,,,
266,54.488779393449505,1.4597331438304506,,,
267,54.676992842019295,1.5006029777578473,,,
268,55.057564435945466,1.5028179200664231,,,
269,54.85545033093591,1.4601011498740484,,,
270,54.34636659488473,1.5202254909550132,,,
271,54.69290208714101,1.5731477303464632,,,
272,54.71288637537097,1.5084585086441733,,,
273,54.16667524169402,1.4084749159492287,,,
274,53.66548941950194,1.5070181060597878,,,
275,54.139062240242964,1.5356743400243862,,,
276,54.76836020963875,1.5836899594367335,,,
277,55.03254650218454,1.5106697483879716,,,
278,54.780927513710864,1.4620169611101768,,,
279,54.82569792784618,1.5758529664634473,,,
280,55.38444997521942,1.5190781257754324,,,
281,55.16826925878186,1.5049466344304567,,,
282,54.51256843100913,1.4112917740222963,,,
283,53.89903369532713,1.4200358944234295,,,
284,54.1244958355005,1.5581112337643972,,,
285,55.12558041671077,1.6327751264529038,,,
286,55.33917833623536,1.5085382294040572,,,
287,55.24778831349245,1.4808118861568809,,,
288,54.8453742379526,1.3966505233396103,,,
289,53.84362958708991,1.3546820520056682,,,
290,53.299476566755565,1.3751071940489927,,,
291,53.476643785314536,1.4680653919847975,,,
292,54.133217037764595,1.6128523300952253,,,
293,54.315916361255766,1.4489871244549415,,,
294,53.61179278328875,1.4586728132891102,,,
295,53.291017174225644,1.4560780279555392,,,
296,53.529948758481154,1.5592634028421166,,,
297,53.54036599564665,1.4797359830800745,,,
298,53.419827414308195,1.4541334335985705,,,
299,53.124277329839956,1.4711674150665264,,,
300,53.39803194292914,1.5521724888401345,,,
301,53.81018389370114,1.531276679031231,,,
302,53.95725244588108,1.5072654287049858,,,
303,53.7857379925383,1.485676370811448,,,
304,54.04003133302587,1.5519703075579638,,,
305,54.39274615205447,1.488067659060334,,,
306,54.884904452223594,1.5567395254883716,,,
307,55.19598309976227,1.5070712485972226,,,
308,54.53747204775483,1.339325467148873,,,
309,53.96174185759883,1.4566124379212175,,,
310,54.34166696765131,1.4240774368909928,,,
311,54.31445876631972,1.3682774231953618,,,
312,53.92602203555802,1.384190965525572,,,
313,53.78100561552505,1.393492788590693,,,
314,53.91957560630787,1.4375091884394944,,,
315,54.22275125669704,1.5356260098852033,,,
316,54.32119722477533,1.4623718274116413,,,
317,54.19260090517584,1.5272250012069974,,,
318,54.17483108433066,1.5233082367334954,,,
319,53.93815654421073,1.4129024343212593,,,
320,53.45858998353611,1.463254359428685,,,
321,53.289255559847824,1.4243430363407095,,,
322,53.48374590951933,1.5007720924994548,,,
323,54.14376327383876,1.4118874172836389,,,
324,54.377764229371195,1.4301710561032093,,,
325,54.66204664852736,1.549145814856801,,,
326,55.68766734263921,1.55178178022138,,,
327,56.17731116440803,1.4409328504961236,,,
328,55.937516906720674,1.3772845846105517,,,
329,55.758020942868384,1.4245017127027582,,,
330,55.27849431828112,1.3592119529519695,,,
331,54.46037962013683,1.4113292998662696,,,
332,54.37491844759849,1.454008543894485,,,
333,55.02437432562286,1.4990072885069603,,,
334,54.874136265081084,1.426371060880768,,,
335,54.02073417023182,1.4094640393987659,,,
336,53.800193977874514,1.4350381274578397,,,
337,54.11840979570475,1.42542375361389,,,
338,54.42779254653409,1.4651199362340162,,,
339,54.721980656437395,1.4570226929917298,,,
340,54.5981699475296,1.3846157795867367,,,
341,53.80739367626609,1.340969067264511,,,
342,53.953074357880666,1.4186969566018865,,,
343,54.61678631059069,1.44853765547393,,,
344,54.87582623485147,1.384113138602056,,,
345,54.806310079205815,1.5012941077396933,,,
346,54.89918251503016,1.4384626186660072,,,
347,54.46761210423155,1.3345881296062352,,,
348,53.53869580058116,1.3221866113468226,,,
349,53.05005542471116,1.3804495737312916,,,
350,52.436809112858995,1.3216007646918748,,,
351,52.618113303167526,1.4966477291925901,,,
352,53.10658361615259,1.4311718935826336,,,
353,53.265826112440955,1.4425359139193425,,,
354,53.35989059656043,1.42488689497416,,,
355,53.59903943455346,1.464965982354745,,,
356,53.877036687540354,1.4279727893169816,,,
357,53.56174829253329,1.2645324605690043,,,
358,53.088920131420124,1.357609266444793,,,
359,53.452505007536644,1.4165095122251046,,,
360,53.38228266235807,1.3433458118966686,,,
361,53.094901084085805,1.3722786357857104,,,
362,53.07669705462591,1.3300644051163784,,,
363,52.863081933351765,1.2774562449162092,,,
364,52.841950904765596,1.339330530807297,,,
365,52.92671515090328,1.2786968355884316,,,
366,52.55345093854385,1.2307639555419252,,,
367,52.40990199326975,1.319676213979568,,,
368,52.835605318044756,1.3775460788032312,,,
369,52.766182456316365,1.28095992622222,,,
370,52.356855698386,1.268753699434346,,,
371,51.96062802245702,1.2495627505679447,,,
372,51.82333344637962,1.313947482582402,,,
373,52.07025035350132,1.2991626289193403,,,
374,51.527204014052174,1.246609455908653,,,
375,51.26702531004996,1.2926705182931049,,,
376,51.05741228857641,1.2934639818874667,,,
377,50.8639293729495,1.2843087879118507,,,
378,50.77974016222245,1.4046132927207222,,,
379,51.74213152192835,1.4467622372678832,,,
380,52.06430918203315,1.339738807868637,,,
381,52.63931108305687,1.4230061864052401,,,
382,52.98192611961498,1.3673286527061002,,,
383,52.49496330111479,1.2570004919019029,,,
384,51.355233052394084,1.231292909807533,,,
385,50.55030909934922,1.2661530372865069,,,
386,50.229654965463176,1.344038194465458,,,
387,49.97768681499642,1.2846457824675406,,,
388,49.64906448044667,1.2253598887160546,,,
389,49.696926001389826,1.3159617201543463,,,
390,50.20390236823444,1.3451017520420803,,,
391,50.14542082201679,1.299348258850887,,,
392,49.84695029238196,1.3160239490977137,,,
393,49.76726483697593,1.320262300997668,,,
394,49.48991690134886,1.2844919527262748,,,
395,48.91901988506086,1.3153083538914447,,,
396,48.456511461036726,1.3379685666721388,,,
397,48.464960319435676,1.3289131632543447,,,
398,48.6854883717254,1.3606536329491898,,,
399,48.735519662705826,1.3527899320059065,,,
400,48.82425774720164,1.3440066285238663,,,
401,48.75754791869791,1.319473260595189,,,
402,48.79332123528767,1.343982593643293,,,
403,48.742064889905635,1.3230786973294508,,,
404,48.5190132393503,1.2715850244232088,,,
405,48.602333524582335,1.3288472701492897,,,
406,49.25818347308176,1.3206713176945601,,,
407,49.5180311272114,1.2580168071187312,,,
408,49.531146616385,1.3021252729486161,,,
409,49.24575140406498,1.2955825677562123,,,
410,49.39845949439242,1.373736175885797,,,
411,49.69812277262026,1.2915582322765844,,,
412,49.22151285844221,1.2687384223331495,,,
413,49.00083571262418,1.3444588400044368,,,
414,49.38234422131735,1.361131912905098,,,
415,49.906175883342456,1.3748920274712966,,,
416,50.09534116725314,1.3219006671543767,,,
417,49.67214152259838,1.2346620320345023,,,
418,48.788285323456584,1.2862339582541147,,,
419,49.05075455313441,1.3676412037918284,,,
420,49.35065948620746,1.29032658312847,,,
421,49.40195426554429,1.3500434761324545,,,
422,49.25682382688579,1.2637535784002891,,,
423,48.72782989696869,1.2766614405149148,,,
424,48.32450210492597,1.260221720863161,,,
425,48.066616759167204,1.2561847282075194,,,
426,47.97822703896813,1.27764779652662,,,
427,48.127801136385095,1.2985849501928077,,,
428,48.02349192410938,1.2953122514343032,,,
429,48.13747440793873,1.3407328995908054,,,
430,48.782364389378,1.346502449100885,,,
431,49.02350860494128,1.3565389182656356,,,
432,49.420576716374036,1.325854839799356,,,
433,49.614028945352196,1.3146564086732209,,,
434,49.51293276648998,1.285814520012894,,,
435,49.10328502201821,1.238545648430254,,,
436,48.678450825126305,1.225609022069766,,,
437,48.773933875989925,1.588260440766789,,,
438,50.61933073193792,2.3211101478821763,,,
439,53.44919480007445,2.1226072070974253,,,
440,54.304307225585355,1.7092247400534757,,,
441,53.64248128499696,1.454403859130564,,,
442,52.31586451912209,1.3165103438435148,,,
443,51.286193766446566,1.3641520894076846,,,
444,50.69922565017109,1.3835713907865914,,,
445,50.79692206592698,1.3993178822525723,,,
446,51.01645190023729,1.3402588127348278,,,
447,50.97358868673223,1.295625023597133,,,
448,51.10195927362355,1.278155113266768,,,
449,51.62862301804433,1.4026563452841532,,,
450,52.75123233927559,1.468861560537233,,,
451,53.716436560710434,1.4055173236042364,,,
452,54.15859478067131,1.413149633832058,,,
453,54.50627091307677,1.3565468425873324,,,
454,54.487420279042084,1.3018323017477695,,,
455,54.21727680860252,1.3234177683415864,,,
456,54.04415223733541,1.3720438183770107,,,
457,54.33839604113721,1.4873244305986237,,,
458,55.25380537252532,1.4997848372493368,,,
459,55.31457868984687,1.4186818662301426,,,
460,55.17590321753545,1.412832846685201,,,
461,54.854245449192106,1.4017288845766793,,,
462,54.138643572710286,1.3092366916874232,,,
463,54.081869375279965,1.5326369707914214,,,
464,54.72395754920721,1.5711314047686353,,,
465,54.746864997827636,1.472781494929422,,,
466,54.5305425810471,1.5432430832538662,,,
467,54.13119091694057,1.4004457226250828,,,
468,53.351644655068085,1.3541442393182055,,,
469,53.462354371650775,1.5609880649482033,,,
470,53.63635926536719,1.4339842379335346,,,
471,53.25154640831631,1.4117425256086458,,,
472,53.61946376381601,1.6081304303665647,,,
473,54.07011149240118,1.49011014193856,,,
474,53.54886478096583,1.4025698912655995,,,
475,53.03861481891741,1.4322847130298697,,,
476,52.915723759010845,1.4387822169466011,,,
477,53.09013717163336,1.5433556348572777,,,
478,53.33159386630942,1.4817232714981137,,,
479,53.14283718007616,1.4357475691505222,,,
480,52.71817912806151,1.4118495216498184,,,
481,52.43553622780371,1.5577680973737327,,,
482,52.45318327800507,1.3948495005135841,,,
483,51.96720534860459,1.4423820358031643,,,
484,52.27019080553362,1.5073309679790818,,,
485,52.87629669843297,1.504657129598683,,,
486,53.110539844597874,1.4775062323269452,,,
487,53.139591682282244,1.5794892483280811,,,
488,53.233039067696765,1.4817583882651548,,,
489,52.80169998697161,1.5434451018665658,,,
490,52.622277854454275,1.4867143892871724,,,
491,52.43633536782491,1.3980574922609532,,,
492,52.44677985892734,1.4696735348484882,,,
493,53.14945318724659,1.5006196142368782,,,
494,53.3836988009875,1.4244031307706475,,,
495,53.56052207952984,1.522379732268254,,,
496,53.63721752018921,1.5473281934938434,,,
497,52.91279844217402,1.3666568654019515,,,
498,52.223494293880535,1.5128911778605159,,,
499,52.38060464214398,1.5294892795681394,,,
500,52.78332890296717,1.6689030843974415,,,
501,53.41577093132348,1.6061860012530944,,,
502,53.34855564259568,1.4716248357401966,,,
503,53.14079987394338,1.5221784515364103,,,
504,52.871027802412286,1.5213346523850648,,,
505,52.46982656984601,1.5046278631605778,,,
506,52.57370183807228,1.6143861695066943,,,
507,52.8344679486063,1.6014432227582966,,,
508,53.438960345322535,1.5571301171994658,,,
509,53.540163485945804,1.6493012737137802,,,
510,53.67418461581025,1.5167590872025596,,,
511,53.275225042508794,1.3681878924952338,,,
512,53.61990382635405,1.6055510015916117,,,
513,54.352475154263175,1.583733046906496,,,
514,54.26162704039644,1.4154611734798042,,,
515,53.96872227240927,1.6954323898397452,,,
516,54.495978434505375,1.6114741915266035,,,
517,54.278728101242265,1.4701801620167896,,,
518,53.73821582840881,1.5438745698534007,,,
519,53.08173565805346,1.4393404980605036,,,
520,53.07916487829341,1.5356795872428841,,,
521,53.43927426947849,1.5386363329756785,,,
522,53.167869801710154,1.5146978352798317,,,
523,52.31436521364236,1.6055252111593432,,,
524,51.64746082796444,1.5377197013899486,,,
525,51.321423658755734,1.4517537315337414,,,
526,51.35618738504816,1.624733056987402,,,
527,51.7174707577805,1.5180832092035357,,,
528,51.49978372827228,1.4075290275623331,,,
529,51.66752725525369,1.6071593357570886,,,
530,51.674501978529946,1.4473771195728604,,,
531,51.12266333793954,1.342143117867966,,,
532,51.36016661343842,1.67683082602595,,,
533,52.544507398033176,1.5626720358976922,,,
534,52.43230957610483,1.4046027000278334,,,
535,51.93178633329185,1.4983129714645496,,,
536,51.84889543343655,1.484548193897496,,,
537,52.10779988110676,1.504377946851443,,,
538,52.72231232468842,1.6637460744609047,,,
539,52.417353206237095,1.4220091468962486,,,
540,51.65706708819224,1.4375294803124707,,,
541,51.44506239691546,1.5237289815291295,,,
542,51.44139298695516,1.4585403081450807,,,
543,51.37380243815432,1.3942352468158028,,,
544,51.35306764364873,1.4474433868808978,,,
545,51.61224707345228,1.4440162055438315,,,
546,51.69311353764081,1.5071107123797316,,,
547,51.32908948524639,1.4792179841177617,,,
548,51.32623970607773,1.497868090245569,,,
549,51.16883616023108,1.4971378845316141,,,
550,50.67858767969107,1.3522804042600276,,,
551,49.72746355262701,1.300617298629405,,,
552,49.1343965274668,1.3957830518466257,,,
553,48.79118660975479,1.390332600951478,,,
554,48.79009842905833,1.4155506035261318,,,
555,48.83734024661485,1.45444758788895,,,
556,48.64136799241979,1.3815457847639598,,,
557,48.46704465019501,1.4912719203796208,,,
558,48.46658658515126,1.534048954448389,,,
559,48.36778466724043,1.396527345535802,,,
560,48.29775720637856,1.529749355149939,,,
561,48.450253267391346,1.4642978486795257,,,
562,48.292628959488034,1.4612175335515598,,,
563,48.35688177076153,1.5814231985397058,,,
564,48.414215018100236,1.5023954592041084,,,
565,48.9978806813883,1.597363624546438,,,
566,49.68871536802969,1.8114501402101095,,,
567,50.21026582628407,1.8217402990733174,,,
568,50.73122339813583,1.8201412700728468,,,
569,50.81784044194967,1.7148397070388153,,,
570,50.997811942244596,1.7009226381730886,,,
571,51.061040585021125,1.7899233801152812,,,
572,51.28987873022919,1.6702684129968548,,,
573,51.108382199697004,1.5243488719441356,,,
574,50.773934664205655,1.6228965688760804,,,
575,50.10449892160726,1.4519257670652328,,,
576,49.793308334003626,1.4047138787289035,,,
577,50.6325526367478,1.8081915692736228,,,
578,51.46920576046147,1.531721754363992,,,
579,50.99597547360669,1.3595939600798526,,,
580,50.66882236262766,1.5768957878424783,,,
581,50.58979330212712,1.413308352514779,,,
582,49.92056915590784,1.3655919444514697,,,
583,49.561105469559195,1.6316485864516876,,,
584,49.24827306429044,1.385837408343045,,,
585,48.68904724831587,1.3579747099981376,,,
586,48.707317470928714,1.5440011521508739,,,
587,48.46182044537849,1.395128162036531,,,
588,47.89990942433663,1.3804965975170531,,,
589,47.80255606686579,1.5876030683598847,,,
590,48.102595289624794,1.3780893567636152,,,
591,48.32799632776792,1.4042670828804615,,,
592,49.03297520965451,1.5301322273126232,,,
593,49.68488646182321,1.389317850327391,,,
594,49.78139938108641,1.2851805959544527,,,
595,50.22169840684525,1.4989947178502705,,,
596,50.66955546198271,1.3862577052448917,,,
597,50.57628302617005,1.453068851844597,,,
598,51.25238276552888,1.4856393996148016,,,
599,51.102024286386765,1.3203486998468918,,,
600,50.568034215933096,1.3941909470548874,,,
601,50.554911076980446,1.4519055291737324,,,
602,50.698851242263444,1.3745498890336012,,,
603,50.37857805297297,1.3788753571415864,,,
604,50.36061027326215,1.3963864435502071,,,
605,50.51800454478206,1.3698767659468587,,,
606,50.623927046810195,1.5114452011868373,,,
607,50.746305280436104,1.4295236671333336,,,
608,51.09565358886154,1.4189866417853094,,,
609,51.6368119211493,1.5957169219524707,,,
610,52.503244393660076,1.5093369561168137,,,
611,52.75286170494324,1.3701597061163269,,,
612,52.715677622489764,1.4684483899168541,,,
613,52.20276981585319,1.2930973352994892,,,
614,52.16959721701852,1.390212188268483,,,
615,52.541098903558115,1.3949628596998862,,,
616,52.41765579524516,1.2365063499946187,,,
617,52.0172714279721,1.2888025417145759,,,
618,52.60174454543075,1.4674843812261837,,,
619,53.299430553702706,1.3836419787550034,,,
620,53.504987748163956,1.398107093663108,,,
621,53.52212812680472,1.3402044216763136,,,
622,53.3139636694784,1.342570822381557,,,
623,52.95174408633863,1.3013073792642675,,,
624,52.575889692431375,1.2808198735924912,,,
625,52.15508907949588,1.290454200752624,,,
626,51.89421037242764,1.4096982034751377,,,
627,52.15519582176434,1.380789126012347,,,
628,52.24388509537711,1.3332479165156335,,,
629,52.19820995049764,1.3899528658214928,,,
630,52.06641584753781,1.2650466946449361,,,
631,51.68614571835525,1.3180185906876722,,,
632,51.71771078295697,1.3104838638470204,,,
633,51.30150735663311,1.2388963825928845,,,
634,50.882766642344976,1.317807634188778,,,
635,50.99401616103783,1.260208840973233,,,
636,50.74575123895399,1.2238060308741623,,,
637,50.86349059175418,1.294700241236221,,,
638,50.702138519633294,1.2856248985810714,,,
639,50.54699437624545,1.238003159350443,,,
640,50.73500091594846,1.261727533073237,,,
641,50.683974924373615,1.1658618652053403,,,
642,50.345305858144656,1.1662806929767573,,,
643,50.700768982226556,1.2845687940357389,,,
644,51.28601812092573,1.2538299346894726,,,
645,51.1079672176152,1.1805969539025225,,,
646,50.881983156988795,1.2046337811886172,,,
647,50.72999464087293,1.1973247604192283,,,
648,50.141027575910016,1.108376131563112,,,
649,49.90891207264926,1.2359074500060452,,,
650,49.913345122339045,1.1721776037248337,,,
651,49.95874355835578,1.216666038337435,,,
652,49.98525230262982,1.214381521355725,,,
653,50.16449250358417,1.2552485022616278,,,
654,50.06119289397809,1.2159114900089858,,,
655,49.5267457368989,1.1281718346080536,,,
656,48.63017445796878,1.1536884105487983,,,
657,48.360379040043355,1.2163609378902056,,,
658,48.49387873127186,1.2129130279776428,,,
659,48.4136700625706,1.2192207996995563,,,
660,48.029244369771035,1.1467122936523195,,,
661,47.85956872256692,1.1894041907842738,,,
662,48.16904424835069,1.2140118667014383,,,
663,48.366745453180926,1.223411683586242,,,
664,48.31941234525728,1.2134061909214513,,,
665,48.586419870992664,1.242242562635985,,,
666,48.6614484353549,1.2111345340105335,,,
667,48.74923784838131,1.2394071866638536,,,
668,48.825077859018506,1.2646470775217673,,,
669,48.31756682422755,1.1912416303134665,,,
670,47.49374829834886,1.162199254185474,,,
671,46.748569266869,1.195332660344892,,,
672,46.736635346694776,1.2754516549733557,,,
673,46.96719061378721,1.2853981079320738,,,
674,47.08568142057751,1.2267346903109548,,,
675,47.09418640029193,1.2087750615509585,,,
676,47.26800931330887,1.278896674623723,,,
677,47.568355064505454,1.258614801643873,,,
678,47.527979808948956,1.2358377753275152,,,
679,47.439082175997136,1.294082371335347,,,
680,47.271518434092656,1.2372807538150548,,,
681,46.8417007287789,1.23307604659107,,,
682,46.98443899306848,1.3325940466125583,,,
683,47.414444101357255,1.2776231678221028,,,
684,47.421060521144454,1.2587607916718009,,,
685,47.218532756305365,1.2053848547694141,,,
686,46.95938243017825,1.2518323853581064,,,
687,46.680976372624755,1.1875133544602736,,,
688,45.97263082002996,1.1552314723464194,,,
689,45.652334492828544,1.2243807654689751,,,
690,45.50835237524687,1.2377603965255883,,,
691,45.52919949776252,1.2573949822933812,,,
692,45.31622428556271,1.2676974745322636,,,
693,45.23715800915767,1.3172456401874808,,,
694,45.315955423167054,1.3196966020352587,,,
695,45.62857323523157,1.4042895750024607,,,
696,46.04685641427588,1.3602110003908328,,,
697,46.19781171713848,1.3344912226836887,,,
698,46.02900664556459,1.3815017770016351,,,
699,45.761063561617526,1.474012648447274,,,
700,46.116986413719445,1.4452984816016996,,,
701,46.74369905104595,1.5960778299151246,,,
702,47.36099348456607,1.5888607643952222,,,
703,47.681704368266686,1.627594067531979,,,
704,47.8436967376084,1.553542985370268,,,
705,47.71097068516234,1.4986300366783214,,,
706,47.93070676408122,1.48182460723525,,,
707,48.26097293741731,1.5504805003708173,,,
708,48.57249208461768,1.5445843457823616,,,
709,48.714094324095825,1.6066687699828546,,,
710,49.088645187982166,1.5753730029635602,,,
711,49.134571995291786,1.5168039736354508,,,
712,49.252135701867495,1.515922808492627,,,
713,49.07649403098051,1.4738152345389244,,,
714,49.026131793828156,1.5509092667882596,,,
715,49.416406650658416,1.5160424559707848,,,
716,49.61344885925614,1.509011982138918,,,
717,49.53513875372479,1.4369184307128764,,,
718,49.6689197086539,1.4531886997472558,,,
719,50.1832839258134,1.4764468337619603,,,
720,50.427399299616,1.4418092075891218,,,
721,50.75019339687316,1.46484656869951,,,
722,50.80724246830711,1.4784198645303865,,,
723,50.84164576456206,1.5068985503433991,,,
724,50.87947106185064,1.4399221026720312,,,
725,50.9296957127125,1.4587574147923343,,,
726,51.09416679696767,1.5445586284460986,,,
727,51.10478234949005,1.5196249595499418,,,
728,51.08350920960512,1.5263080851004018,,,
729,51.652708392018276,1.5727141919877508,,,
730,52.4508224068736,1.5363974023798959,,,
731,53.14294621514483,1.5666794215745725,,,
732,52.96651418077625,1.4087688938434717,,,
733,52.51861366714711,1.4914090401220912,,,
734,52.45243189966408,1.4987724148850141,,,
735,52.457010798612906,1.5572033481395697,,,
736,52.80654234361924,1.5372005209023845,,,
737,52.80654568831021,1.458233312274266,,,
738,52.898250635698396,1.5304183542401284,,,
739,53.71798404811547,1.5987022551945316,,,
740,54.40073058308997,1.556771651040675,,,
741,54.66819464213851,1.5013223047150939,,,
742,54.84948018109427,1.6119003028315178,,,
743,55.36175809093789,1.5619888688974632,,,
744,55.045390408265256,1.5187378815088877,,,
745,55.1502777414621,1.6267373844210005,,,
746,55.75310207629948,1.5435175150222906,,,
747,55.41542235882971,1.4492017068212366,,,
748,55.1834943796172,1.4929597155026866,,,
749,55.397544361060696,1.528078235430091,,,
750,55.05057935126085,1.4666955552900596,,,
751,55.01819897431356,1.5172172805967548,,,
752,55.09510720634907,1.53548592656423,,,
753,55.379089902044484,1.55158867442424,,,
754,55.55430391353593,1.4746409946204975,,,
755,55.085489944705,1.4479993938811742,,,
756,54.768704883949354,1.4248554731363312,,,
757,54.92068195158511,1.4666975352452913,,,
758,55.18063315152447,1.503297057899356,,,
759,55.27552378051884,1.5442734608735071,,,
760,55.338750294247575,1.4820974985192439,,,
761,55.256136032945385,1.5622997794467495,,,
762,55.043356251363704,1.5680221676915325,,,
763,54.39146095598858,1.4607840221901407,,,
764,54.12916337417758,1.569267111165232,,,
765,54.965759369236395,1.5761918989747425,,,
766,54.98380553334629,1.4719878911194648,,,
767,54.243794648596236,1.3906261509197642,,,
768,53.65914549288137,1.5247814172153353,,,
769,53.62825148910538,1.573448191360463,,,
770,53.77486933279722,1.5661801452431836,,,
771,53.97286402137158,1.5467079308675529,,,
772,53.953091984707825,1.600886243158624,,,
773,54.0795818579126,1.5644272510630477,,,
774,54.26962436688329,1.4939372174451122,,,
775,54.04495073250649,1.4835184908322752,,,
776,53.30850690874489,1.4452434954655498,,,
777,53.09524271167007,1.5460114557306968,,,
778,53.44148849167662,1.6137258225703928,,,
779,53.65860491115498,1.5380654787129033,,,
780,54.09341934800763,1.5281482648022262,,,
781,54.151565306250944,1.47346595103635,,,
782,53.85589856446222,1.4234950864048106,,,
783,53.85132722823163,1.6243393735983507,,,
784,54.094903038516165,1.5511057338790075,,,
785,53.719184428243885,1.48942340208925,,,
786,53.128051249382224,1.4644276032763326,,,
787,52.659807696930834,1.502373195657578,,,
788,53.23914956519062,1.5983008989740901,,,
789,53.788557411455784,1.5352395794000222,,,
790,53.57049487086583,1.4282367855960352,,,
791,52.93067229739566,1.4953113135238127,,,
792,53.43275304759349,1.7483594305921077,,,
793,54.12226464694695,1.6493765501152755,,,
794,54.376140190032444,1.6297901416561604,,,
795,54.691343365832864,1.5706635486097185,,,
796,55.26730108675696,1.6069005682122286,,,
797,55.58848725363528,1.5627786086226343,,,
798,56.3136378700451,1.7466277748835282,,,
799,57.523120447149125,1.7304665388380998,,,
800,57.988009832403776,1.6878531592691575,,,
801,58.35339708397383,1.6318902388247438,,,
802,58.62684056007208,1.6748176221707374,,,
803,58.69214380139326,1.6382645693744624,,,
804,58.214085053271404,1.6031931095078522,,,
805,57.82464703792599,1.5604532425899318,,,
806,56.82288298080641,1.4445404952451502,,,
807,56.13024687990311,1.5826169380931265,,,
808,56.23175707638755,1.6759718227513825,,,
809,56.30901329159386,1.6254669236398798,,,
810,55.82632013043486,1.4414736425206232,,,
811,54.99078115281859,1.4386778044439985,,,
812,55.152924911882565,1.5643770262514152,,,
813,56.015679534170594,1.6243229043329943,,,
814,56.47707541757088,1.5884638901049886,,,
815,56.44992348630966,1.5095480252361375,,,
816,56.6534968564287,1.572556454238319,,,
817,56.74168506361239,1.4971010111732925,,,
818,56.316964076713056,1.4068551902098099,,,
819,55.83035334380362,1.4449490335069906,,,
820,55.93712361812919,1.5447857721532885,,,
821,56.564051249756105,1.5523353915683125,,,
822,56.49471653701363,1.4938265855459447,,,
823,56.22768682994864,1.4897846679294597,,,
824,55.96749793840867,1.4610551883002392,,,
825,55.8000921486106,1.5533858810349193,,,
826,55.85650863703941,1.5662957684131313,,,
827,56.29033686046902,1.5678053514980856,,,
828,56.94909761307001,1.6515430949457843,,,
829,57.81240932736465,1.6089224007089087,,,
830,58.496681362320714,1.6285197970316256,,,
831,58.780623498873865,1.4846437935731756,,,
832,58.818372943171966,1.5642100897424602,,,
833,59.0623833848649,1.4773197907148565,,,
834,58.55282042654426,1.4431979565973652,,,
835,58.18372890956955,1.4699591959037759,,,
836,57.558161735531044,1.473282533016568,,,
837,57.752569773655395,1.605528944635689,,,
838,58.26567683093785,1.5551822693761954,,,
839,58.707662087365904,1.6037121219343593,,,
840,58.49658615873709,1.4388430299608814,,,
841,57.83967275342053,1.4562485367156215,,,
842,56.93952381762969,1.3488784525291417,,,
843,56.697650886173705,1.5416478197092522,,,
844,56.90829438205661,1.5053004333429625,,,
845,57.12867247063572,1.517154740480275,,,
846,57.39268225360406,1.5114195423871963,,,
847,57.252884399473004,1.4599932217632006,,,
848,57.220029895692896,1.5410757857509378,,,
849,57.04913729455595,1.5678339535707173,,,
850,56.52424885157946,1.540256650653689,,,
851,55.89142601568301,1.4617293531536606,,,
852,55.468952555555425,1.5368690598201413,,,
853,54.98862965519537,1.443704338563517,,,
854,55.02409535457949,1.6577912311295777,,,
855,56.14203376944161,1.6476034852483734,,,
856,56.59325630426798,1.6404404894205444,,,
857,56.3596322133532,1.4399649762712345,,,
858,55.43752312244889,1.5097867228645534,,,
859,55.99573310381528,1.594714006305901,,,
860,56.539510730228685,1.6523039050796613,,,
861,56.67650507749012,1.5403126170199875,,,
862,55.91100974303528,1.4623466076200295,,,
863,55.51053033816772,1.4918827466512274,,,
864,55.52506496387648,1.5488757609776442,,,
865,55.643402740918745,1.5702234607431265,,,
866,55.5144327500967,1.518583986739842,,,
867,55.115872906824464,1.562121182774983,,,
868,54.60785731819115,1.4527866431268304,,,
869,54.368654982824225,1.5977417064597583,,,
870,53.8467510543437,1.4939083601490508,,,
871,53.27136176739494,1.5549486247779176,,,
872,53.242109080321114,1.4694593116429284,,,
873,53.42758833594202,1.5872483595946123,,,
874,53.182907712557636,1.4617704641721254,,,
875,52.60317048605308,1.5435072727759322,,,
876,52.3083593760619,1.5210334284723317,,,
877,52.29859814150035,1.6343406979029236,,,
878,52.52493231500539,1.5796879820248144,,,
879,53.14736179712679,1.6453847173141902,,,
880,54.16758208868485,1.649930723753911,,,
881,54.76594978024717,1.6066561815977292,,,
882,55.130569004822675,1.6207791363394741,,,
883,54.65405878876568,1.446673538869184,,,
884,54.36148590473165,1.5944761889631902,,,
885,54.194388345527315,1.4978599076941164,,,
886,53.77981769719247,1.526677168537628,,,
887,53.00409665845547,1.4222378203982562,,,
888,52.79348121267005,1.5109478643988288,,,
889,52.74429236266742,1.3955303917889657,,,
890,52.68424590441279,1.5996764010778792,,,
891,53.019510068102655,1.47713735228086,,,
892,52.733047231989495,1.4759177941511386,,,
893,53.02245255857342,1.405456917256955,,,
894,53.19229262048613,1.5229412088150347,,,
895,53.65349089288016,1.4313322740218077,,,
896,53.79170925502835,1.5186608929201528,,,
897,54.76777743228185,1.586664045974399,,,
898,54.961765457821485,1.401946421091163,,,
899,54.576516793871,1.4430350993529064,,,
900,54.04922435402949,1.335929823522864,,,
901,53.74711286232821,1.3893479679346805,,,
902,54.09214477269819,1.4253654024958577,,,
903,54.80117918040541,1.4684130427574926,,,
904,54.96494718320018,1.3872164086953123,,,
905,54.95839308691292,1.4710787255264217,,,
906,55.03828986009931,1.369529132140676,,,
907,54.60633845935321,1.5158381468432434,,,
908,54.84698765788086,1.4588913479115806,,,
909,54.60519796628637,1.5083761281830605,,,
910,54.7519098963309,1.4712689931361511,,,
911,54.35059407198706,1.4162193449788438,,,
912,54.017474085792145,1.3830769210279101,,,
913,53.54136774963159,1.4029383284347452,,,
914,54.02388562275307,1.557347091714535,,,
915,54.24763126447816,1.3972307996190105,,,
916,54.38219444681772,1.5904996142198387,,,
917,54.6890482051588,1.4864714782723534,,,
918,54.302501540771544,1.4727668852539042,,,
919,53.80893484230545,1.40161862334833,,,
920,53.216326292871095,1.430670971823764,,,
921,53.12887103601665,1.3981325729773655,,,
922,53.04431116065351,1.4339930352898813,,,
923,53.443130402650596,1.5240656992836799,,,
924,53.310575313450485,1.4924778078772936,,,
925,53.37464063895278,1.6160607563651168,,,
926,53.16688599461619,1.4155177230712994,,,
927,52.31285825104498,1.4472476002851933,,,
928,51.82572438733078,1.4036054006267276,,,
929,51.88976915534025,1.4139639282734697,,,
930,52.076773814970586,1.3530836445365046,,,
931,52.049237809681266,1.402876070387329,,,
932,51.864674504068816,1.3401636692847172,,,
933,51.76054180333076,1.4495403203731902,,,
934,51.65395880917913,1.372226913034456,,,
935,51.682157386355016,1.4054784851390654,,,
936,51.8510466418047,1.4238761570864307,,,
937,52.07260492107498,1.3853570002555955,,,
938,52.233720748331876,1.3309612808055369,,,
939,51.63184779446062,1.3407548870996675,,,
940,51.00287259140681,1.2919400186389245,,,
941,50.515065128024844,1.3630599223848043,,,
942,50.21851911662856,1.3903264497769268,,,
943,50.183906812026834,1.3771279623762869,,,
944,50.15525988051304,1.3511770787458435,,,
945,50.15165247985374,1.3427914514579542,,,
946,50.48000443925807,1.467616751838305,,,
947,51.27199936821761,1.641793952270521,,,
948,52.24511342571104,1.8429639761141492,,,
949,53.241941510711996,1.7829130087541545,,,
950,53.36965560929562,1.573243381535796,,,
951,53.589339584116814,1.5831817335533933,,,
952,53.69421630311888,1.4973911615959525,,,
953,53.42404354319702,1.5214561579578187,,,
954,53.482341381291775,1.4991193456642844,,,
955,53.76567598302465,1.470413586146169,,,
956,54.06414137001808,1.4918042920258903,,,
957,54.55163796370805,1.4244794318898502,,,
958,54.33533527363247,1.3684988698788074,,,
959,53.49060661197369,1.3461901638310672,,,
960,52.794828186948976,1.3085876304322503,,,
961,52.708453261975606,1.3711228835002018,,,
962,52.57333905268115,1.3371462732425081,,,
963,52.00678355905425,1.3256317783561988,,,
964,51.64935965733373,1.3567689524271644,,,
965,51.69889262328684,1.3506847621429712,,,
966,51.56775826352536,1.2826173958143423,,,
967,51.24435290437573,1.2777611356781613,,,
968,51.175206497823126,1.30436316846932,,,
969,51.598495777665576,1.388884781674267,,,
970,52.27596845750882,1.4788604853325378,,,
971,52.61833984912411,1.364678236180583,,,
972,52.495110067863656,1.350280749439557,,,
973,52.685855603725514,1.4081268040076103,,,
974,53.10080653593542,1.4505026042055087,,,
975,53.57753740707537,1.4165931578545463,,,
976,54.05530641573649,1.3851361982397532,,,
977,54.013712682755695,1.3565194255183137,,,
978,53.624483552472,1.3925286681270832,,,
979,53.481509091808526,1.3886868090859255,,,
980,53.379703300172515,1.485102127866622,,,
981,54.153876548959,1.482287356912284,,,
982,54.68068163077204,1.4784505507516423,,,
983,54.690481116901395,1.3891835586449035,,,
984,54.43869976662606,1.3893196311575422,,,
985,54.71330729979872,1.413785577967001,,,
986,54.76752632527993,1.3723696280940214,,,
987,54.45026380394327,1.3821188926280674,,,
988,54.68377212035608,1.4244474796371045,,,
989,55.08150641309838,1.5184867508007907,,,
990,55.4386233096424,1.492875523709262,,,
991,55.182885551644716,1.4304510552317957,,,
992,54.75192549555996,1.3536890196495726,,,
993,53.855937366924195,1.340107945435385,,,
994,53.313441883269306,1.3635489114901087,,,
995,53.192116531811784,1.5296285475430837,,,
996,53.16772038558386,1.4292115966804222,,,
997,52.84555144780767,1.4056938213896755,,,
998,53.11250587891537,1.5214237479471195,,,
999,53.12591213447198,1.4352310242855775,,,
1000,53.45767066633509,1.5082428637029812,,,
1001,53.825489612125224,1.4556417429444077,,,
1002,54.022902497884914,1.4729808020564314,,,
1003,54.185987087220276,1.4927859489611566,,,
1004,54.64235396178909,1.497230032435054,,,
1005,54.32265770827421,1.456024189489422,,,
1006,53.88199873894168,1.4431906491095514,,,
1007,53.6807727395068,1.4671601165618722,,,
1008,53.87636141583109,1.4848991136774607,,,
1009,54.04057826758766,1.499049660003442,,,
1010,54.11423212346169,1.5038237800211056,,,
1011,54.13931591935227,1.4869196565101686,,,
1012,54.023116471406205,1.5194652393147106,,,
1013,54.38243102485916,1.6212313314762072,,,
1014,54.622811847283735,1.524899462479567,,,
1015,54.34083681297415,1.4351590201498445,,,
1016,53.89168288425355,1.4237144091497367,,,
1017,53.55799361421741,1.4765080607167167,,,
1018,53.47397001975157,1.5085515031125496,,,
1019,53.186286227641375,1.4682633809104721,,,
1020,53.09292290119781,1.5215415404374204,,,
1021,53.74651936689571,1.5864422393118442,,,
1022,54.194687488895795,1.5219931912452096,,,
1023,54.06400080250217,1.5132643552731975,,,
1024,54.2196585295237,1.50158094242479,,,
1025,54.49980721310233,1.5614673085398298,,,
1026,54.96345837722127,1.5610095155472856,,,
1027,55.17212682973404,1.478394954259122,,,
1028,55.05977705727809,1.5502440445453802,,,
1029,54.9399767423845,1.5584769134085779,,,
1030,55.125923358111194,1.5126662506759503,,,
1031,54.84644243821249,1.4938643211914036,,,
1032,54.37487699229171,1.4706442257676315,,,
1033,53.62028894815513,1.4808518451044572,,,
1034,53.2915956082332,1.4934406138077372,,,
1035,53.26127135683144,1.4666961648356802,,,
1036,53.40765580446343,1.5429539880280914,,,
1037,53.59567276783282,1.5063710305439033,,,
1038,53.257298474805644,1.4119998287337885,,,
1039,53.434995288891585,1.6108993416457942,,,
1040,53.95665525344387,1.53768135693479,,,
1041,53.50727486485671,1.453221206663533,,,
1042,53.0941288854891,1.4537151774016333,,,
1043,52.85230772317576,1.517522035407367,,,
1044,53.13748144905462,1.6120963159058779,,,
1045,53.17841719019572,1.48893218795949,,,
1046,52.941433333167915,1.479173161071463,,,
1047,52.86289273859056,1.5511585221981572,,,
1048,52.93172567661398,1.5953909810226723,,,
1049,53.20841973602854,1.5628296765806833,,,
1050,53.36092369211572,1.6368723875399542,,,
1051,53.40165703061795,1.5922468429380823,,,
1052,53.32158506258965,1.5363405392501264,,,
1053,53.077309800411385,1.49593496909148,,,
1054,52.91483892210624,1.5080113672561646,,,
1055,53.023737960144885,1.4055372978276182,,,
1056,52.66905566960688,1.3602888099092887,,,
1057,52.826493913230095,1.5133754262611487,,,
1058,53.72371452518139,1.5605613645502316,,,
1059,54.316038537516675,1.5993110888446707,,,
1060,54.745324483095985,1.525220931219528,,,
1061,54.420667443247595,1.5501054585758767,,,
1062,54.32386986179856,1.5780283501972805,,,
1063,54.0998004034523,1.5173743372593675,,,
1064,54.20766348061591,1.562271524124747,,,
1065,54.398823135287074,1.6083162693136905,,,
1066,54.85197345267889,1.5886242224905636,,,
1067,54.52214721427799,1.499000734645082,,,
1068,54.36635653594687,1.5605010567286455,,,
1069,54.49782915059744,1.573348158436851,,,
1070,54.51949327264188,1.5295456781504322,,,
1071,54.162232664702714,1.462915438543973,,,
1072,54.18504313273422,1.4920680715386654,,,
1073,54.693270373411494,1.773782490223904,,,
1074,56.28185226155695,2.081374093450479,,,
1075,58.0156229503212,1.8524675403675306,,,
1076,58.79455418150047,1.6443622669772555,,,
1077,58.23945456892491,1.4024341995438216,,,
1078,56.98459214827964,1.3650460711897425,,,
1079,56.01645055766532,1.3600626765614718,,,
1080,55.38355390007018,1.4064100665044148,,,
1081,55.135284265157466,1.4601033821667637,,,
1082,55.44631890624642,1.4163106090414297,,,
1083,55.44988833631626,1.428162811997366,,,
1084,55.44633309415761,1.4437103664493294,,,
1085,55.840277872214024,1.4719001044217346,,,
1086,55.88879317709228,1.3952810290134636,,,
1087,55.81085615480271,1.4319353823400036,,,
1088,55.73647811532757,1.4235922251339883,,,
1089,55.88102961136636,1.4363041238872327,,,
1090,56.51661619886386,1.4546758861900206,,,
1091,56.510850652334355,1.4037087059561866,,,
1092,56.684913358588304,1.481577996097907,,,
1093,56.780762771928224,1.497899211784063,,,
1094,56.97634759424007,1.4755497157399597,,,
1095,56.55731805307952,1.3803322638429156,,,
1096,55.64022032016793,1.3695304675748008,,,
1097,55.0053612408817,1.4227135755910794,,,
1098,54.72907863258005,1.4374642984995547,,,
1099,54.57952877403266,1.386795449040753,,,
1100,54.30677373569642,1.4685422402253332,,,
1101,54.29893408145725,1.4326688992387338,,,
1102,54.58047411143403,1.4950406524869895,,,
1103,54.95086148766635,1.4050968525305823,,,
1104,54.546214157846016,1.403851084321553,,,
1105,54.16980719425872,1.4358370695911724,,,
1106,53.55472607802655,1.3114715628053244,,,
1107,53.15624655623286,1.4760366893827477,,,
1108,53.64155408484518,1.4930781201398438,,,
1109,53.767650782603305,1.4470898397855423,,,
1110,53.55941926437206,1.465508640173607,,,
1111,53.33569001260119,1.5146386971195591,,,
1112,53.13065088767513,1.4284168314939232,,,
1113,52.69225415057629,1.3800372038955235,,,
1114,52.68753521405208,1.4620368610566201,,,
1115,52.78472969106642,1.484897925980188,,,
1116,52.68084375069449,1.4126313819991763,,,
1117,52.46137143927723,1.4304518370309798,,,
1118,52.51061910916843,1.4582939428931798,,,
1119,52.778551504961,1.437370836907352,,,
1120,52.87570876650031,1.4491985573740247,,,
1121,53.512698162975624,1.5396358122629394,,,
1122,53.90595699072328,1.4749497107234448,,,
1123,53.920648443397624,1.4893855866047503,,,
1124,53.65373027521788,1.4415789432624784,,,
1125,54.42670063352624,1.5877784656741465,,,
1126,54.953054287909325,1.4489552964974886,,,
1127,54.31325403251219,1.4337378927602298,,,
1128,53.396968855365344,1.3801412765671077,,,
1129,52.59724073483527,1.3420210778078243,,,
1130,51.95416933952239,1.3372858345812957,,,
1131,51.799008041526676,1.505178953170826,,,
1132,52.81950526991595,1.517641100303524,,,
1133,53.39398266279707,1.4649454337913308,,,
1134,53.480212100334946,1.4159272110411967,,,
1135,53.070045839965246,1.3699265279584865,,,
1136,52.48433249602455,1.385056224665848,,,
1137,52.38264580603352,1.409925192430599,,,
1138,52.22268635685401,1.4205893417530546,,,
1139,52.06821194164303,1.3816845975119125,,,
1140,51.73142799103648,1.3993597669894076,,,
1141,51.37366677804928,1.3720345388792867,,,
1142,51.07417107299844,1.41541646049937,,,
1143,50.73436759815969,1.359731662092722,,,
1144,50.61031748104105,1.3836758457334417,,,
1145,50.897317673535454,1.407024270467176,,,
1146,50.895741586475694,1.375760055573473,,,
1147,50.61364466556188,1.3336049321703218,,,
1148,50.06337624851791,1.3364618945607833,,,
1149,49.54857377501116,1.315752031408435,,,
1150,49.46969226697017,1.3658292167930437,,,
1151,50.43406704976326,1.5101501034189246,,,
1152,51.579963693338094,1.3892537655129107,,,
1153,51.543315729675754,1.327497151195943,,,
1154,51.09663884778382,1.4077966600816347,,,
1155,51.19360366188373,1.484071558997849,,,
1156,51.16190179050826,1.4435115586540006,,,
1157,51.48409608417123,1.4764061862970557,,,
1158,51.42842372242987,1.3858078692232012,,,
1159,51.29471140654372,1.4133335393437076,,,
1160,51.71341960647152,1.4506009924958547,,,
1161,51.971376829712185,1.4210645758938325,,,
1162,52.24594979061097,1.3911124044485494,,,
1163,52.22619683859759,1.3620701681457037,,,
1164,52.01592534577648,1.3168169233255775,,,
1165,51.537750430248906,1.3872067950227567,,,
1166,51.14182855418524,1.4079737054981565,,,
1167,50.657168719844165,1.3598884276904326,,,
1168,50.624424128407654,1.4008855965412366,,,
1169,50.877747787398,1.4235806012748269,,,
1170,50.96070506337246,1.4262514887379736,,,
1171,50.83980566726774,1.3950482498187093,,,
1172,50.977326627926544,1.4196136546895615,,,
1173,50.76615481048712,1.3569162293329533,,,
1174,50.17919265856707,1.3264600562927578,,,
1175,49.72743349693617,1.3756027953678287,,,
1176,49.78366530931595,1.4532096692282808,,,
1177,49.5843368697647,1.3540069150114336,,,
1178,49.324111282594224,1.3203424437926923,,,
1179,49.09320836270126,1.3807031887260595,,,
1180,49.0110113112102,1.3838960352757221,,,
1181,48.65098383831766,1.3736491800774953,,,
1182,48.83174433962617,1.4158775560428631,,,
1183,49.01266708020319,1.4059391922898925,,,
1184,49.52903091791086,1.4341200932893312,,,
1185,49.40739528156533,1.3376199399059199,,,
1186,48.971746467205506,1.3419283981346513,,,
1187,48.770825445961066,1.3886884443689922,,,
1188,48.90484566036794,1.3938365399114332,,,
1189,49.2663513289623,1.4426234508977602,,,
1190,50.128368321387214,1.4003989453726422,,,
1191,50.71352854958042,1.4589833111030428,,,
1192,51.34131110499626,1.4122676664326759,,,
1193,51.646407048059146,1.4468354631384672,,,
1194,52.22180978727718,1.4599780388044206,,,
1195,52.30986755243093,1.4049071946400018,,,
1196,52.39209231836786,1.462710067654731,,,
1197,52.578842165868465,1.4267319475383573,,,
1198,52.68449650608393,1.3965765112006259,,,
1199,53.93523666623665,1.7431041444712665,,,
1200,55.13587504581038,1.5718597531605136,,,
1201,55.26196545091526,1.5622173451204795,,,
1202,55.58920610524433,1.5166262113536229,,,
1203,55.63425790969051,1.520322511592264,,,
1204,55.766591740877615,1.5259129018712145,,,
1205,55.3910669826018,1.4243007718808482,,,
1206,55.470249032695946,1.4934066846805647,,,
1207,55.070349483426824,1.3673110842121086,,,
1208,54.409721211494485,1.4267715823401304,,,
1209,54.31460510167305,1.47684638007577,,,
1210,54.63523388558045,1.4712302021148016,,,
1211,54.970131825298154,1.5121751510919599,,,
1212,55.50290338262651,1.520473670417611,,,
1213,55.44055127249639,1.3907070596978477,,,
1214,54.95877067126609,1.4044271942382274,,,
1215,54.87668878214707,1.4763194069729368,,,
1216,54.70487936594758,1.4068368674259182,,,
1217,54.38539396597682,1.3816689036260226,,,
1218,54.77336136773812,1.4865159314444223,,,
1219,55.79641699132915,1.5260667937160735,,,
1220,56.60038062236239,1.436664452156426,,,
1221,57.4393023851423,1.5046409935146314,,,
1222,57.41723677150489,1.3664927056015972,,,
1223,56.98950609062515,1.42645246341796,,,
1224,56.17137480475476,1.336650533841477,,,
1225,55.2503651822297,1.4008615870671326,,,
1226,54.78261236717536,1.4434310261940708,,,
1227,54.959414517998965,1.4759833123712618,,,
1228,55.37168538211888,1.454122052350648,,,
1229,55.86071089841626,1.4110622282079035,,,
1230,55.6707150706122,1.385333044637033,,,
1231,55.447047875314496,1.4836616556370104,,,
1232,55.05776463571951,1.4070186807676168,,,
1233,55.50262080829951,1.481289978130132,,,
1234,55.64035963596069,1.4417409263689334,,,
1235,55.39046301365918,1.4349238511888016,,,
1236,55.03483812722777,1.4269972328164304,,,
1237,55.290997902106696,1.5151796974594918,,,
1238,55.307543313140485,1.4239816096217024,,,
1239,54.79888909338955,1.42535798692458,,,
1240,54.36118814278703,1.3770843523755365,,,
1241,54.17700491251942,1.465236954821902,,,
1242,54.36371948622538,1.4845373716297197,,,
1243,54.53418753206459,1.4905071371281051,,,
1244,55.21997820461232,1.5078375553335197,,,
1245,55.41764325764435,1.41250810793246,,,
1246,55.24153635486923,1.419448186007661,,,
1247,55.05825482095179,1.3933597666519821,,,
1248,54.83823179406188,1.370466871748672,,,
1249,55.089270902314766,1.5358090701447766,,,
1250,55.468393708029616,1.5413186000516907,,,
1251,55.33632599419714,1.442758707573162,,,
1252,55.29203089964581,1.463254725742299,,,
1253,55.578223468300635,1.5141697559368992,,,
1254,56.07728648981235,1.5334283227563588,,,
1255,56.04413180435161,1.4437684628791099,,,
1256,56.216281229122295,1.5678758116915574,,,
1257,56.192583948132054,1.511755365447367,,,
1258,55.70695224813518,1.4327746483632209,,,
1259,55.70412640979025,1.518330928222329,,,
1260,55.99444855664314,1.655339972517769,,,
1261,56.59874010016766,1.5556816322825533,,,
1262,55.873642827035,1.409372773196508,,,
1263,54.85088410912677,1.4256958043562247,,,
1264,54.19081431389468,1.4521032660603204,,,
1265,54.49699186801446,1.4765747104595395,,,
1266,55.05535248059017,1.499725963037809,,,
1267,55.73847796199149,1.574022589984717,,,
1268,55.87315628252266,1.4452097576542104,,,
1269,55.712360530908015,1.5682854586249977,,,
1270,55.75767892652112,1.5476089492692362,,,
1271,55.81395468978453,1.5268563405409656,,,
1272,55.47714515722261,1.5064692623824811,,,
1273,55.0093071900337,1.535617046366221,,,
1274,54.81725311655602,1.5181273918843232,,,
1275,54.35224455708007,1.5172098201702717,,,
1276,54.481650502881365,1.5449792739491837,,,
1277,54.47624937901256,1.430217903586295,,,
1278,54.209695785536944,1.4534542218568263,,,
1279,54.46679999493947,1.5394182052951935,,,
1280,55.1646886929927,1.6262230485676215,,,
1281,54.84703643783851,1.4708399023843852,,,
1282,54.03099797479005,1.4531128424124475,,,
1283,53.758233210232845,1.4805271726403675,,,
1284,54.027992652114875,1.5570169278129387,,,
1285,54.514360869250645,1.5385465163037444,,,
1286,54.869755132986924,1.4916498522287593,,,
1287,54.865317397556055,1.5165733554109933,,,
1288,54.800445959232476,1.4949473730848606,,,
1289,54.486650658462715,1.3825149054949875,,,
1290,54.36748839018655,1.5394207917357356,,,
1291,54.85680121128354,1.5473424963739684,,,
1292,54.28642988778855,1.4148690495872078,,,
1293,53.77815310630171,1.4316724801126752,,,
1294,53.71628106688822,1.4886775496888123,,,
1295,53.72717951893186,1.4457735300160433,,,
1296,53.90290907301129,1.538157995106556,,,
1297,54.43591592416777,1.5440844168291281,,,
1298,54.87620766375899,1.497738784297199,,,
1299,54.864827680966755,1.5319744571063059,,,
1300,55.04362050203757,1.5926584926962477,,,
1301,55.84893113974733,1.5764850391607228,,,
1302,56.0876381772656,1.4903516770318657,,,
1303,55.763428822026555,1.4809330819607434,,,
1304,55.61476999097396,1.48471542757456,,,
1305,55.18215756381471,1.489102291088953,,,
1306,54.97543782668997,1.5731054226956795,,,
1307,55.510699726436975,1.5005956698056506,,,
1308,55.70488077474069,1.5378807291640337,,,
1309,55.868908072804814,1.4894007403343694,,,
1310,55.74766758082532,1.4937051015069949,,,
1311,55.80317991380778,1.4536460592327594,,,
1312,55.29407409162292,1.4597418175659997,,,
1313,54.836789572315496,1.46533102440621,,,
1314,53.787247532849975,1.4360103766098535,,,
1315,53.385644914146006,1.5218072130768736,,,
1316,53.37531280140628,1.504121488913469,,,
1317,53.427726807971894,1.463089663232893,,,
1318,53.66147400522226,1.510725812133095,,,
1319,53.87014706607677,1.5042458013275675,,,
1320,53.34068976353634,1.4173387957774848,,,
1321,53.074572738077876,1.502203094721737,,,
1322,53.170283358990616,1.464012602818966,,,
1323,53.1060648407372,1.4867521802509864,,,
1324,53.520181032058744,1.5081068421171206,,,
1325,54.063319281339005,1.4317968983848153,,,
1326,54.025143714607665,1.4666553582746635,,,
1327,53.54846991349013,1.4146134699775295,,,
1328,53.169315030184464,1.5062369246877154,,,
1329,53.3822052030456,1.6415780357567105,,,
1330,53.50784460164352,1.6309045632104773,,,
1331,53.340323525692945,1.6329954338903605,,,
1332,53.37287321264779,1.6097379947103734,,,
1333,53.36537738268174,1.5089471698650603,,,
1334,52.86546891691082,1.4602494644398722,,,
1335,52.93320660551588,1.5341196813916904,,,
1336,53.29322207309757,1.5571615328254809,,,
1337,53.7521753260912,1.4816839540926612,,,
1338,53.59610366931891,1.4387636099368126,,,
1339,53.230352592368355,1.474587677426426,,,
1340,52.92253105378515,1.4222358483567936,,,
1341,52.749554743909044,1.4168972542620133,,,
1342,52.42112393778316,1.3576603965738046,,,
1343,52.12941559704376,1.429731117636461,,,
1344,51.84311692431107,1.4075138906667464,,,
1345,51.64854161881509,1.509808429200833,,,
1346,52.45076592951333,1.542335327463703,,,
1347,52.46646127638624,1.435597982427028,,,
1348,52.005327946699055,1.4203786948613677,,,
1349,52.39737237567975,1.5841950354601877,,,
1350,53.52152821461812,1.6532144478379602,,,
1351,54.323670040597506,1.5772968480386946,,,
1352,54.35966725774952,1.4932769896736124,,,
1353,53.753010122233874,1.413825577035408,,,
1354,54.049678410518766,1.5357923684065249,,,
1355,54.90801171722105,1.5041737300432594,,,
1356,54.83286930121763,1.4760906600124464,,,
1357,54.75083189701618,1.5203465410824273,,,
1358,54.56305583852725,1.4692881324437799,,,
1359,54.473733312483404,1.553661055488237,,,
1360,54.792939441800584,1.5461928182016953,,,
1361,54.59250982703392,1.4647342710417381,,,
1362,54.7004879180334,1.5840950327979524,,,
1363,55.10587955531413,1.6043246980513677,,,
1364,55.05260487512149,1.4957786010915717,,,
1365,54.79143899804157,1.5962779023079736,,,
1366,55.02025387401339,1.6045616380011225,,,
1367,55.034746925919976,1.4914892719058692,,,
1368,54.745165718165104,1.5249764494948683,,,
1369,54.39770403730871,1.61634250201031,,,
1370,54.3269842707535,1.6003228817747763,,,
1371,54.28590370339788,1.590157992818483,,,
1372,54.37309576646499,1.5139069872918314,,,
1373,54.38785782114387,1.516174008605847,,,
1374,54.099277533254195,1.5578360228450516,,,
1375,54.66374649796836,1.6919481954587947,,,
1376,55.06647286738736,1.5549958343329702,,,
1377,55.47041306763083,1.6198359045962245,,,
1378,55.63347503590718,1.5629133665354666,,,
1379,55.696785142615155,1.675489433687306,,,
1380,56.15253597061859,1.654123535805262,,,
1381,56.37228876032341,1.598645479880859,,,
1382,56.358317060070725,1.5673622401791167,,,
1383,56.32193792448528,1.5435034296841428,,,
1384,56.22064565033392,1.5831880691276956,,,
1385,55.687933747965346,1.5501336074644954,,,
1386,54.79232873226407,1.5704407436351469,,,
1387,54.05221362370329,1.4964519875542381,,,
1388,53.42745098908393,1.545611175762875,,,
1389,53.43627051015382,1.6162446838442892,,,
1390,53.59348605529139,1.6829948334860316,,,
1391,53.9723925677754,1.6775269967386024,,,
1392,53.92370897444287,1.6023139764588272,,,
1393,53.562882063227576,1.5471356594510584,,,
1394,52.85333503214035,1.529858898255412,,,
1395,52.58795146955625,1.6514885480777932,,,
1396,53.20043739503372,1.6876301328906391,,,
1397,53.40033473191232,1.6393335433178615,,,
1398,52.918996361947045,1.5994309779519686,,,
1399,52.50804537778362,1.5865631345839932,,,
1400,52.32299605204548,1.659779019999594,,,
1401,52.38061266187209,1.6392246194206241,,,
1402,52.40496730798796,1.7381844146251328,,,
1403,52.61093581979745,1.6847595197242342,,,
1404,52.953840529794164,1.6450561319639971,,,
1405,53.11851583435788,1.5391902358883882,,,
1406,52.991993455393924,1.6301582072195078,,,
1407,52.6935313965819,1.6221934646711709,,,
1408,52.40956875429774,1.592772370454973,,,
1409,52.125311278037024,1.582397363455176,,,
1410,52.00814120335881,1.5962687095822725,,,
1411,51.97695132431028,1.575861259431827,,,
1412,52.013888559629244,1.625611637296335,,,
1413,51.917377148925624,1.630586460063405,,,
1414,52.62412399140493,1.750863544032776,,,
1415,53.37459193010393,1.7328267304333358,,,
1416,53.52078527474885,1.6537628786110203,,,
1417,53.48179188312873,1.6231700422908446,,,
1418,53.11531996792225,1.60826034906378,,,
1419,52.85869573051848,1.5734059569681131,,,
1420,52.29721194133363,1.5679014666415252,,,
1421,51.87396103063192,1.566761988403196,,,
1422,52.01991076702568,1.643049023335126,,,
1423,52.7848745295848,1.6155847404946693,,,
1424,53.020517381113564,1.6318160721294614,,,
1425,53.15847611386954,1.6118172066775391,,,
1426,52.93472595539951,1.5599065814623918,,,
1427,52.670206222875024,1.6254843005734918,,,
1428,52.73590556578449,1.6471035420609401,,,
1429,53.13955218622026,1.735806013481828,,,
1430,53.81266870319722,1.6804716964195134,,,
1431,54.11256424931034,1.634324664467388,,,
1432,53.94602755996999,1.5820017979662928,,,
1433,53.146724308116745,1.4851447088925138,,,
1434,52.273203211049164,1.5700988035475811,,,
1435,52.17283088255394,1.6406246179251898,,,
1436,52.26673788352936,1.6559884804366567,,,
1437,52.46094223237969,1.59099089296811,,,
1438,52.47185607673127,1.6542160496730216,,,
1439,51.9529569620623,1.6001965621316168,,,
1440,51.80426832487076,1.6233003837025695,,,
1441,51.68579569336157,1.613652313580391,,,
1442,51.9219137692759,1.6427180441624323,,,
1443,52.10737653805377,1.5843060474536719,,,
1444,51.649126886775,1.5048062427611681,,,
1445,51.671103296242514,1.6302064640965417,,,
1446,51.97045791627883,1.6128121831686741,,,
1447,51.77050940675435,1.4695034426685778,,,
1448,51.25225861466117,1.494255117083524,,,
1449,51.165635195727205,1.5701886312284956,,,
1450,51.261151994407484,1.5725799819958501,,,
1451,51.393444560827305,1.581028017258927,,,
1452,51.518723001063925,1.6118926529753075,,,
1453,51.43390581157507,1.5572492233336308,,,
1454,51.441777428804414,1.8145699621225706,,,
1455,53.674882145915234,2.374203568700324,,,
1456,55.61256514984408,2.0529265955194234,,,
1457,55.423863689361454,1.6799020420519803,,,
1458,54.30032586983796,1.5509942804715604,,,
1459,53.656325896690035,1.5011361201099347,,,
1460,53.17447372456436,1.4914484572384326,,,
1461,52.99977918845906,1.4733325194519655,,,
1462,53.18222973093003,1.583955487057257,,,
1463,53.24689598330514,1.474597847743234,,,
1464,53.475473559796406,1.5166507555228759,,,
1465,54.041941349250806,1.476927797318823,,,
1466,54.0786392531366,1.379629010759102,,,
1467,54.02075927516681,1.371263691732223,,,
1468,54.26238418616478,1.4837396010382604,,,
1469,54.56289836908276,1.5085487206217734,,,
1470,55.39138045044554,1.5559012859276538,,,
1471,55.53054976671041,1.4302635403228345,,,
1472,55.235007643292505,1.4488297309864078,,,
1473,55.25475845204423,1.4601635509535393,,,
1474,55.33038114535853,1.4489763857592433,,,
1475,55.25563103295215,1.4943305577670107,,,
1476,55.20030796049365,1.4492217747800868,,,
1477,55.139178484936,1.4423352455979772,,,
1478,55.388495126118926,1.5106332599561583,,,
1479,55.59693086744503,1.4866261978676025,,,
1480,54.976625889354445,1.4377401890683565,,,
1481,54.21108234513912,1.3435852879478192,,,
1482,53.77244530995078,1.4964039811375216,,,
1483,54.22312197968881,1.4795773056853263,,,
1484,54.005032911283365,1.4573232736027895,,,
1485,54.08532593913546,1.5295634359651187,,,
1486,54.368458001088925,1.5025022638661376,,,
1487,54.27696883721316,1.5030043802709592,,,
1488,54.34803634803454,1.5476303796820994,,,
1489,54.42859805492699,1.5560991751093567,,,
1490,54.44176367100505,1.4972741027277512,,,
1491,53.72891169150788,1.4511391759181675,,,
1492,53.08380041410514,1.4827347474709753,,,
1493,52.870283006099896,1.498017324793791,,,
1494,53.44511648605115,1.5582157060164104,,,
1495,54.08111154583372,1.6360522621830227,,,
1496,54.532737696441146,1.547277865296644,,,
1497,54.06075292036057,1.4724643334139353,,,
1498,53.34508420031629,1.487013562601973,,,
1499,52.308733543147646,1.4647257980660802,,,
1500,51.991595874605295,1.5520973435086123,,,
1501,52.253130912530445,1.4948951082318713,,,
1502,52.40806502601488,1.5579297488281671,,,
1503,51.941646944548445,1.504581383599178,,,
1504,51.3668295515909,1.537118647073993,,,
1505,51.444956301520776,1.6070441335232617,,,
1506,51.38477746169676,1.5187067977419333,,,
1507,51.46767679806046,1.534110759598505,,,
1508,52.38742492933239,1.6633712648014725,,,
1509,52.57587841336182,1.6166397255189826,,,
1510,52.35907487664544,1.5679407765259936,,,
1511,52.24969130129979,1.5835796719332702,,,
1512,52.876554882796846,1.5939026070640334,,,
1513,53.53969626254089,1.5625615084898132,,,
1514,53.89667044997932,1.5580583958277547,,,
1515,53.32708935762048,1.4439995818562945,,,
1516,52.43661544440876,1.4795777671805401,,,
1517,52.07959401962823,1.5516564309705876,,,
1518,51.76329984725551,1.4741582253661096,,,
1519,50.76932268186259,1.4602470935333605,,,
1520,50.89029664364309,1.633641374718396,,,
1521,51.66394253269502,1.6233299476600616,,,
1522,51.96974083930773,1.5591687812299528,,,
1523,51.57916909175358,1.4573469372242351,,,
1524,51.24617566391939,1.5434749422968135,,,
1525,51.786125632691366,1.6255510084163842,,,
1526,51.86835795467029,1.503492976678883,,,
1527,51.71534146364182,1.5233529739415452,,,
1528,51.84324382308836,1.5446918951244524,,,
1529,51.47590227758876,1.4636570771199646,,,
1530,51.193121085248066,1.534505815111852,,,
1531,51.68647248552431,1.6975207082787427,,,
1532,51.783736793278194,1.5588080369413069,,,
1533,51.73423159945271,1.6059049380658914,,,
1534,51.9705720385238,1.5797440733044357,,,
1535,52.25142928607267,1.5622822290040592,,,
1536,52.414182372289645,1.497647433366362,,,
1537,52.459321245880815,1.532579623976158,,,
1538,52.83757185411165,1.5997389753019047,,,
1539,53.52100023335646,1.5854147363312951,,,
1540,54.1052840699475,1.5965395816004508,,,
1541,54.003698924157675,1.4627266875049147,,,
1542,53.142820543408,1.3948740568174105,,,
1543,52.498049450519105,1.3814985158934374,,,
1544,52.38547619626034,1.5176791367213163,,,
1545,53.76303436434391,1.7165469032152474,,,
1546,54.65964222333059,1.6187687461135791,,,
1547,54.6341596075783,1.4845360939229515,,,
1548,54.322073567529245,1.472044489590431,,,
1549,53.84323781811099,1.4617385779423075,,,
1550,53.770185264278666,1.5604717366463894,,,
1551,53.6726033127604,1.4538956782483206,,,
1552,53.170611331466425,1.519026587425865,,,
1553,52.72240025135878,1.4171643670577387,,,
1554,52.51970526297854,1.5580605990766228,,,
1555,52.772666811155915,1.5439788556557963,,,
1556,52.49626634162367,1.4698750838059471,,,
1557,52.23364297101541,1.5001972609905994,,,
1558,52.429996714713646,1.479966193475578,,,
1559,52.00552363821615,1.373048273328563,,,
1560,51.395748347938465,1.4761487090642622,,,
1561,51.323480346754764,1.5155982117560565,,,
1562,51.357776000298315,1.5178573490194345,,,
1563,51.166674750621084,1.488665643807705,,,
1564,51.129050804607886,1.4932322460788037,,,
1565,51.328664372574075,1.5353352793263892,,,
1566,51.47273799486715,1.4879025309802347,,,
1567,51.29939566762384,1.4620203527295572,,,
1568,50.929684340407945,1.4762384091257763,,,
1569,50.466506825482796,1.528991756502839,,,
1570,50.47536661004583,1.5358845474735907,,,
1571,50.557428666070734,1.4685595330344883,,,
1572,50.393296133648576,1.4551115231639744,,,
1573,50.05644129927748,1.4352099383512933,,,
1574,50.37857132044971,1.4662966350810476,,,
1575,50.69074555422695,1.4377627496396523,,,
1576,50.651152043580645,1.494311326096414,,,
1577,50.747799546070574,1.4768178384121482,,,
1578,50.777722910235035,1.4107152616546674,,,
1579,50.72636247242892,1.4729237629739989,,,
1580,50.962994395601086,1.502572193884174,,,
1581,51.31656919175856,1.5442865839064785,,,
1582,51.49151821871405,1.5867718563741409,,,
1583,51.90246927392149,1.834097512316103,,,
1584,52.40760225052405,1.7816376230228124,,,
1585,52.47052610092844,1.624862754336193,,,
1586,52.24124435368587,1.5607189735444331,,,
1587,52.19406785840055,1.6213140563941595,,,
1588,52.59549671112899,1.605537933801571,,,
1589,52.53325527298661,1.4731845501550207,,,
1590,52.117218191376196,1.4593616332972648,,,
1591,51.45473779030375,1.4100745523144038,,,
1592,51.52843616559237,1.4507149968879014,,,
1593,51.449456982435564,1.338465932437883,,,
1594,51.12965264911853,1.3751853411990471,,,
1595,50.99276138098795,1.3828495856470373,,,
1596,51.21787899627631,1.4096728697216965,,,
1597,51.4209724846957,1.363308641787865,,,
1598,51.41234849254883,1.383322374090574,,,
1599,51.1559455102028,1.3811132186288295,,,
1600,50.697605044016406,1.3043528079066968,,,
1601,50.4741116853894,1.3102573249953615,,,
1602,50.68972955230987,1.3451414798740935,,,
1603,51.33725101845954,1.3730903415361946,,,
1604,51.36459414609732,1.3144236807513054,,,
1605,50.742168820780854,1.298704846850264,,,
1606,50.62376422856168,1.3482316944019952,,,
1607,50.929964532928565,1.3362644559717682,,,
1608,50.728304588167745,1.273134004774818,,,
1609,50.13306592996466,1.3079398628851437,,,
1610,49.642486403927535,1.2974761507306976,,,
1611,48.880513983372886,1.2321828915835356,,,
1612,48.09618664096955,1.2733148138129307,,,
1613,48.16583736311519,1.337213115708456,,,
1614,48.59828847561383,1.3839554147744542,,,
1615,49.64950550756815,1.422323494830473,,,
1616,50.16145844793555,1.351455267364031,,,
1617,50.31405325621522,1.3864034342047389,,,
1618,50.47878073429435,1.3987337532884165,,,
1619,50.22811608237568,1.290209661819589,,,
1620,49.4186365511742,1.2787300791587703,,,
1621,49.29926399987373,1.3203028937202554,,,
1622,49.43467365051747,1.3362550237488209,,,
1623,49.64943493323451,1.357067396837475,,,
1624,49.69073017965309,1.3583107604600124,,,
1625,49.39956954925769,1.3596580494709516,,,
1626,48.81476384525535,1.3278401943186622,,,
1627,48.7217215566436,1.400811714597441,,,
1628,49.13537191523133,1.3603259705306319,,,
1629,49.30818444913186,1.3575434224901757,,,
1630,49.136646856582345,1.3019474767066224,,,
1631,48.973533136658375,1.34699538814223,,,
1632,48.823791696691245,1.331303776572231,,,
1633,48.188402433309484,1.3154985997304232,,,
1634,48.03105955595213,1.3685864368445442,,,
1635,47.80376466323815,1.312216491069318,,,
1636,47.59123659711281,1.3911406525788803,,,
1637,47.61145289773949,1.389628074775637,,,
1638,47.18930069170902,1.2799027423145861,,,
1639,46.62970522868234,1.3091887782325837,,,
1640,46.31958981194572,1.3113966486192918,,,
1641,46.26854451788225,1.322271360849523,,,
1642,46.41285193292114,1.3659208336271569,,,
1643,46.25863570402828,1.2840756723480624,,,
1644,45.66222294784099,1.3010131906722422,,,
1645,45.61531574774618,1.3260810353168544,,,
1646,46.05156631685284,1.3936988212544408,,,
1647,46.683228577706,1.3809874645279774,,,
1648,46.955217102349266,1.3528964487154118,,,
1649,46.82734638344021,1.30217808875579,,,
1650,46.55865815826998,1.2999626501750055,,,
1651,46.680078466110416,1.3829956715437899,,,
1652,47.189359203345745,1.4424694890899223,,,
1653,47.834883895739424,1.369284686254759,,,
1654,47.86231430214826,1.3628877270732653,,,
1655,47.625962089625645,1.336608998965241,,,
1656,47.25825508057963,1.2786202112086273,,,
1657,46.56705320109249,1.2426384571762763,,,
1658,45.605325623513565,1.2413860153975647,,,
1659,45.73972490118028,1.4454595377225885,,,
1660,46.30785647747832,1.3822350452989673,,,
1661,46.52767010903027,1.3737263253030436,,,
1662,46.547915720945994,1.3077609613673786,,,
1663,46.15798500260158,1.2824066331908688,,,
1664,46.84981900384254,1.4828029295338747,,,
1665,47.629022965346536,1.3700537522192835,,,
1666,47.464541030017465,1.3045202460754663,,,
1667,46.968439091676544,1.3255221247189315,,,
1668,46.65118501297925,1.3375324417902668,,,
1669,46.373386077402635,1.2783409123094815,,,
1670,45.882037373319186,1.2540941335971671,,,
1671,45.11014338781605,1.2223551565772905,,,
1672,44.48645017939067,1.3141009348806583,,,
1673,44.10939741681936,1.297418313286245,,,
1674,43.544071074340266,1.282584831034393,,,
1675,43.42179187441305,1.3449910250497614,,,
1676,43.84286763702467,1.3830151453843524,,,
1677,44.35706941799277,1.3429662055908882,,,
1678,44.48982780090354,1.2981915224765228,,,
1679,44.468279639097844,1.3191433690515377,,,
1680,44.6007758241653,1.3549547372194712,,,
1681,44.64849018895886,1.3933513008027962,,,
1682,44.69497788588225,1.3301205828625249,,,
1683,44.501259485897634,1.3341001450211583,,,
1684,44.57286141653461,1.3473732830950833,,,
1685,44.23758409194914,1.3443420468548086,,,
1686,44.361305140072716,1.3450122170579406,,,
1687,44.4590840762246,1.3485179092856618,,,
1688,44.56984108663087,1.3579958638018736,,,
1689,45.32120417664144,1.4689768703127561,,,
1690,45.60617280434589,1.415938090194568,,,
1691,45.51089344990584,1.4368062712363001,,,
1692,44.89221426289377,1.310422306320577,,,
1693,44.14601520941597,1.3790925060314505,,,
1694,44.21723027211421,1.5958858782798457,,,
1695,44.04557832484886,1.458720733635777,,,
1696,44.02198409317491,1.7903839665138288,,,
1697,44.99293154057871,1.758833582532022,,,
1698,45.436963476560095,1.5998260739637085,,,
1699,46.710961598663516,2.1504438141417777,,,
1700,47.79456021983887,1.7703870405182323,,,
1701,48.157889143395735,1.8759455436575811,,,
1702,48.80085664114338,1.7100222785887114,,,
1703,48.472728183177466,1.6650288886567355,,,
1704,48.741554936476916,1.79608562678138,,,
1705,48.9165853657693,1.6962106727201924,,,
1706,49.348478665195174,1.8031720482074167,,,
1707,49.436562337636886,1.5235063282097918,,,
1708,49.58366259696765,2.1099578580511977,,,
1709,50.81865409772002,1.9757619790157046,,,
1710,51.28232295919771,1.6879962017658636,,,
1711,52.287899720358894,2.084799085214143,,,
1712,53.42439955134158,1.7787012391616885,,,
1713,53.5996736704075,1.682009218329123,,,
1714,53.95868818497554,1.8418227471561162,,,
1715,54.085184088233916,1.6252308780062352,,,
1716,53.49896271902914,1.4726188569303478,,,
1717,53.08539288523681,1.6873061156765299,,,
1718,54.07909409079373,1.8968927322278615,,,
1719,54.59956313036028,1.6225796979177416,,,
1720,55.11165798635231,1.8555675080682943,,,
1721,55.005675222707666,1.6128972430053148,,,
1722,53.81779342436169,1.4079978763298149,,,
1723,53.68604250952008,1.6250579647886547,,,
1724,54.61788035983514,1.5303574696076265,,,
1725,55.15948173932807,1.7489963846674594,,,
1726,56.024196003445624,1.6950322706688563,,,
1727,56.03348706603292,1.4817285212376403,,,
1728,55.042390565856024,1.4313070912486945,,,
1729,53.92497540361134,1.4599937348321983,,,
1730,53.23845403813583,1.4719230079101346,,,
1731,53.16791198878092,1.5895449997183104,,,
1732,54.01950875374645,1.5479731446580887,,,
1733,54.1983874237078,1.423363483325762,,,
1734,54.46843881430945,1.6129995889799562,,,
1735,54.82369636144182,1.542121987777127,,,
1736,54.30261434752296,1.4713992288423998,,,
1737,54.15056016860889,1.6254860883353965,,,
1738,54.509307991491426,1.5651985693753911,,,
1739,54.16765637517841,1.4132941571900592,,,
1740,53.94690357587732,1.509875432007297,,,
1741,53.6512826206763,1.382173049853351,,,
1742,52.85248965346933,1.4154545130110716,,,
1743,52.74062393454878,1.6328586748368714,,,
1744,52.968370000180585,1.5485547190569515,,,
1745,52.43793714998826,1.3558810971635404,,,
1746,51.55831817454377,1.4457663030319865,,,
1747,51.26973542700327,1.5115377676480954,,,
1748,51.628208229284084,1.4732976859011544,,,
1749,51.78728863297323,1.647394681861679,,,
1750,52.21682922252661,1.6089110380710132,,,
1751,52.57216339737524,1.5596051937124231,,,
1752,52.631273654484524,1.487856411442467,,,
1753,52.43959687024095,1.4939429551911805,,,
1754,52.642489700465916,1.5956099360454576,,,
1755,53.41994904459669,1.5915949984838937,,,
1756,53.32681197760392,1.4686647814636362,,,
1757,52.464167398693945,1.4334193917122233,,,
1758,52.16619860930324,1.5024952162491951,,,
1759,51.89048719464549,1.491951870194757,,,
1760,51.67674126871566,1.5299309708924704,,,
1761,51.75570330532031,1.5399240638216767,,,
1762,51.71224888737153,1.5549123435608443,,,
1763,51.859041972195904,1.6389582969234948,,,
1764,52.43257473473699,1.620976878020982,,,
1765,52.858594642195186,1.570867584598082,,,
1766,52.8218565999296,1.6461324916786604,,,
1767,53.06076100296143,1.6160881403466565,,,
1768,52.75343119683814,1.5429061093500187,,,
1769,52.43694234993904,1.5667531156856878,,,
1770,52.21683081952821,1.5232118721715655,,,
1771,52.25934155880175,1.5770263566788771,,,
1772,52.75739456378004,1.6675708588201703,,,
1773,53.40279212348473,1.6573495912083267,,,
1774,54.21144559570938,1.6585514407798454,,,
1775,54.53391366115805,1.5019182597677503,,,
1776,53.808613062062776,1.4485724843818917,,,
1777,52.71536995477615,1.430154636412681,,,
1778,52.68875351680309,1.5726517039066898,,,
1779,52.573708878529615,1.486164184651126,,,
1780,51.832433673421484,1.4509836594309795,,,
1781,51.435958986840845,1.5361438052249152,,,
1782,51.49049828313363,1.4602316150284793,,,
1783,51.61806767030817,1.6090363823938296,,,
1784,51.57496932830512,1.583084485207925,,,
1785,50.9075273185188,1.5807979937287724,,,
1786,51.211499829379534,1.61914218758746,,,
1787,51.41376740603596,1.5119137308493675,,,
1788,50.863034306002675,1.4590967018873542,,,
1789,50.4373003349284,1.441921525657756,,,
1790,50.43668174453223,1.5249761290409094,,,
1791,50.84890628226114,1.4904590025392235,,,
1792,50.86941102047929,1.4663765461805436,,,
1793,51.79273037314853,1.6786881916623935,,,
1794,52.48974183896426,1.5958842399282638,,,
1795,52.32367912239224,1.4817457147804391,,,
1796,51.82975759951749,1.5346817155406713,,,
1797,51.627394023950245,1.5512687342781923,,,
1798,51.207804084156976,1.4793642904130075,,,
1799,50.76939267402,1.4910444301737764,,,
1800,51.029144767116236,1.6306167428621339,,,
1801,51.55472460343446,1.5811679269498173,,,
1802,51.489281523986385,1.4932571239044565,,,
1803,51.26639663068089,1.4785181021936311,,,
1804,51.30485231484137,1.5158916447884307,,,
1805,51.236156342816734,1.5090573576124773,,,
1806,50.62554627668216,1.3927867124704447,,,
1807,50.46262422264285,1.5214054034479898,,,
1808,50.34509456919502,1.4340496665743057,,,
1809,50.29803775738786,1.5695682327067142,,,
1810,50.995967698396555,1.6035414431344797,,,
1811,51.67547372422851,1.5654032373253313,,,
1812,52.20223901856474,1.5902892675844915,,,
1813,52.90685643461509,1.588777293302993,,,
1814,52.872277429080285,1.4958579197830608,,,
1815,52.61732092195436,1.4414558267516842,,,
1816,51.99809731235703,1.3877763613403065,,,
1817,51.35050488509166,1.4426906332199267,,,
1818,50.99327309970013,1.497497374259563,,,
1819,50.80937906694994,1.465667054979288,,,
1820,50.474254775772025,1.4366533283253873,,,
1821,50.075189939238584,1.4511183722710816,,,
1822,49.47203548527246,1.3951673647891505,,,
1823,49.24948555110365,1.4603155798975478,,,
1824,49.09391582659966,1.4047443998174889,,,
1825,49.21281412060539,1.561014427386336,,,
1826,49.7470394971256,1.5323540706244978,,,
1827,50.29897595806446,1.531774968988152,,,
1828,50.87465023845078,1.4592040019134291,,,
1829,50.901604318797894,1.3867218246712372,,,
1830,50.76578348645706,1.415393413075403,,,
1831,50.65474301200008,1.4692789497019767,,,
1832,50.49908313189151,1.4644191095773178,,,
1833,50.19429891542961,1.4801055414106943,,,
1834,50.350085030332,1.420281768233429,,,
1835,50.38154331257471,1.4698312899723522,,,
1836,50.120418417615795,1.399943310453678,,,
1837,49.73670424236295,1.3739702015244977,,,
1838,49.59955899141211,1.4085299142946004,,,
1839,49.815664780471174,1.5085324323687819,,,
1840,49.92062617245547,1.484793806028647,,,
1841,49.85234872035784,1.5121894310028867,,,
1842,49.9415766908809,1.4458911042497986,,,
1843,49.930697853575836,1.4660852433820228,,,
1844,49.871698903858295,1.4454049845098595,,,
1845,49.8573083553037,1.43943751635474,,,
1846,50.088528363364986,1.5033863367775604,,,
1847,50.534498334136174,1.5261617335722333,,,
1848,50.84520481955825,1.5976991202615647,,,
1849,51.035289031659225,1.4625031687836372,,,
1850,50.76304623280872,1.448680547106631,,,
1851,50.49429748105071,1.4504936829828448,,,
1852,50.63453111045169,1.5681539780921718,,,
1853,51.390335161098676,1.5067509255347202,,,
1854,51.46681385850951,1.4106308336967608,,,
1855,50.96432972734213,1.4319890131888273,,,
1856,50.266893254191466,1.4154763907235248,,,
1857,49.679103912757995,1.441243454245178,,,
1858,49.17179427494463,1.3863666664478536,,,
1859,48.90799479065902,1.4156383151216663,,,
1860,48.660517583467495,1.4209995529030828,,,
1861,48.421938417451955,1.4288137187254029,,,
1862,47.8403614328862,1.3830450440249176,,,
1863,47.44021752469651,1.4550213879119662,,,
1864,47.483664562416664,1.5739992528522349,,,
1865,47.771904663504046,1.533710543116578,,,
1866,47.469871375616854,1.4119102378026496,,,
1867,47.39909954855827,1.4890094372089588,,,
1868,47.270901902266,1.4571806948927548,,,
1869,47.01867846400944,1.4507567648942599,,,
1870,46.56421488841498,1.458014537838235,,,
1871,46.740390059416406,1.507884855568132,,,
1872,47.01303948144131,1.463803290687159,,,
1873,47.15978949418039,1.455203923718955,,,
1874,47.16034861979332,1.388493280459339,,,
1875,46.873831879024635,1.419726366810713,,,
1876,46.77729780011913,1.4886062594101048,,,
1877,46.44088031885021,1.4753343656559619,,,
1878,46.43881410108796,1.602971461604559,,,
1879,46.49013380445706,1.4771522051418284,,,
1880,45.99558092636364,1.4925288554851883,,,
1881,46.246274905552184,1.5988950937438295,,,
1882,46.56720444996043,1.516311039649635,,,
1883,47.23437538560164,1.512065999043534,,,
1884,47.581894825374626,1.5214129871331923,,,
1885,47.4940792895333,1.485760066713099,,,
1886,47.387495871600464,1.4473699579944435,,,
1887,47.17427792280105,1.4256665297697853,,,
1888,46.822454888022676,1.4002246727076257,,,
1889,46.880943837874455,1.4537823920602821,,,
1890,47.11214856181476,1.4890049892301824,,,
1891,47.184225666273136,1.4112619625372869,,,
1892,47.17439043820616,1.4532280018609391,,,
1893,47.150124229874265,1.4083342176611273,,,
1894,47.13033430704651,1.4102632491126952,,,
1895,47.27713909078949,1.4265113912944591,,,
1896,47.651804928879315,1.563732470330796,,,
1897,48.21513925753577,1.5476755647743836,,,
1898,48.4755072982055,1.4967306896480386,,,
1899,48.80110333488291,1.48784693341319,,,
1900,49.07356769525916,1.4920774566789698,,,
1901,49.237761192982454,1.4829588096158357,,,
1902,49.50204124195706,1.4687549286779151,,,
1903,49.385737375682695,1.436894744863722,,,
1904,49.093153460737156,1.4582439074848883,,,
1905,48.8149950491934,1.480523730280689,,,
1906,48.599796597782266,1.5247717063207635,,,
1907,48.66342907616468,1.499431121386727,,,
1908,48.49915188089859,1.4881766409016561,,,
1909,48.31820262768804,1.507973210458103,,,
1910,48.74676024448762,1.6583325282875787,,,
1911,49.42338992575903,1.594259535692843,,,
1912,49.06192113808706,1.441098345035707,,,
1913,48.70400340259476,1.5717534541412903,,,
1914,48.25600956006555,1.4633211727845425,,,
1915,47.65419968753162,1.416241491326292,,,
1916,47.6742458412602,1.513953416103623,,,
1917,48.65903512027032,1.6662720283853274,,,
1918,49.186684487699026,1.4994725373861606,,,
1919,49.35198068420715,1.5115117072123612,,,
1920,49.25838664568687,1.4564657822370772,,,
1921,48.83512945751583,1.4340138242269294,,,
1922,48.20079187587095,1.3774072222214335,,,
1923,47.68191689484699,1.4479780295239366,,,
1924,47.636160416001744,1.412326371328439,,,
1925,47.33030075489203,1.4339429611861427,,,
1926,47.13777160148186,1.3727319285495017,,,
1927,46.808040970186994,1.3474452538592028,,,
1928,46.54522480815622,1.3676996007062374,,,
1929,46.6420216438197,1.407022243867588,,,
1930,47.026878433515044,1.3958632070440844,,,
1931,47.19302769101896,1.3829059957781227,,,
1932,47.27203943308548,1.420791439942175,,,
1933,47.94331728170732,1.4303888106545481,,,
1934,48.7890695520717,1.4291151421647845,,,
1935,49.012942175228204,1.3745798724696985,,,
1936,48.91659597285839,1.418820859001876,,,
1937,49.041401788298735,1.4274023250726862,,,
1938,49.179926856804755,1.404040340975359,,,
1939,49.14798272236675,1.3894015200753753,,,
1940,49.19060719534806,1.381593388281152,,,
1941,49.24882611350558,1.449228977549287,,,
1942,49.497167281901596,1.437284644745497,,,
1943,49.43663443488701,1.3798341420142528,,,
1944,49.334902243995785,1.478321669041229,,,
1945,49.85414146202477,1.4739654303888374,,,
1946,49.73398838905386,1.4177842868720771,,,
1947,49.30832398316673,1.3894085580240072,,,
1948,48.99662474242627,1.4564781029984766,,,
1949,48.89870809452768,1.426967710587407,,,
1950,48.68601205971366,1.3988870878318562,,,
1951,48.511334586454154,1.3951757116523074,,,
1952,48.09574872825175,1.3994561800571035,,,
1953,47.783730498297565,1.3886110479317484,,,
1954,47.34087532094627,1.3946635935387892,,,
1955,47.042191033762464,1.432296638315474,,,
1956,47.24746039988124,1.4798018619073707,,,
1957,47.65147963039624,1.4354044060845106,,,
1958,48.09138359784255,1.4735169276568227,,,
1959,48.79419882291177,1.4773856734825959,,,
1960,49.55883583953595,1.4788310887775917,,,
1961,50.1550544672929,1.6394382223698054,,,
1962,50.67090164777616,1.4763765292235442,,,
1963,51.593417130888156,1.6755015160628022,,,
1964,52.69987217359486,1.766369119498612,,,
1965,54.11970249934038,1.8613444042771454,,,
1966,54.49418551370719,1.6464520036966361,,,
1967,54.0544652517499,1.5758046767040983,,,
1968,54.11559626234685,1.596542036637266,,,
1969,54.6749702706223,1.6103147495894115,,,
1970,55.268256035791694,1.6169905137466645,,,
1971,55.048597510060844,1.486637951358261,,,
1972,54.6156663971854,1.465762723888286,,,
1973,54.19018816367798,1.4326912557559184,,,
1974,53.35264604535426,1.3980090340242157,,,
1975,52.45478956491958,1.3653596287668184,,,
1976,51.99029133875176,1.457429307868156,,,
1977,51.356772233047174,1.343924039328051,,,
1978,51.66511846494648,1.5414835804439913,,,
1979,51.80860405778276,1.382813162266996,,,
1980,51.10769887469017,1.3459027313374592,,,
1981,50.55973887625625,1.3766393326591855,,,
1982,49.822457959301495,1.335985021329081,,,
1983,49.21669735507918,1.34602491646313,,,
1984,49.16315164261979,1.3717000037776617,,,
1985,49.20752816030069,1.3219437830017169,,,
1986,49.08211786465694,1.3495673082157713,,,
1987,48.94869977024976,1.324095042176403,,,
1988,48.91359310552929,1.4475098221368141,,,
1989,50.05492324417196,1.5957460788358473,,,
1990,50.410447775854614,1.3670081302147377,,,
1991,50.00947765818107,1.3722634124054272,,,
1992,50.350914091286704,1.4137422092160457,,,
1993,50.654326427856105,1.460344075901694,,,
1994,50.87268037860548,1.4760284784534896,,,
1995,51.25224730881648,1.560340228757506,,,
1996,51.89066677345763,1.5064446415421635,,,
1997,52.0098221674605,1.43810832343178,,,
1998,52.01430236024355,1.3876166677468458,,,
1999,52.236209138874806,1.555625371222553,,,
2000,52.90392742171154,1.4725833507639017,,,
2001,53.373375117636336,1.4835251749928469,,,
2002,53.363102286145754,1.4089321911514825,,,
2003,53.033551479316216,1.405866066270526,,,
2004,52.484309786506145,1.3595669070929517,,,
2005,52.196600915703826,1.4305843542597356,,,
2006,52.3709378495379,1.3980073897901297,,,
2007,52.50759376540353,1.4743721813500361,,,
2008,52.900100118865716,1.4499176083184528,,,
2009,53.093584911833474,1.3983012189241506,,,
2010,53.173364326514374,1.4600726098221848,,,
2011,53.145667362425584,1.3923843950716421,,,
2012,53.04748032833146,1.454200050687783,,,
2013,53.03919025289889,1.4289829763582647,,,
2014,52.73428854732953,1.5101304291875788,,,
2015,52.66411684953461,1.4758231728902627,,,
2016,52.358720336651714,1.3888929819349527,,,
2017,52.758394054273296,1.5303266153692088,,,
2018,53.95108159207314,1.5280781035659277,,,
2019,54.60966885490471,1.4731656891359586,,,
2020,54.50559617812626,1.3707439676095776,,,
2021,54.05994132058464,1.3731497372790444,,,
2022,54.15273023547538,1.4169270021658802,,,
2023,53.93141324597296,1.4286646968431032,,,
2024,53.67642289083471,1.4258418468388645,,,
2025,52.94348648101003,1.3902570674584895,,,
2026,53.22394957286019,1.4830898078615546,,,
2027,53.70809473757808,1.4359005349415914,,,
2028,53.97407889607592,1.3830024178010771,,,
2029,54.57747174195089,1.487761080970827,,,
2030,55.498196706993554,1.5043789402886723,,,
2031,55.34944035847073,1.389290053392136,,,
2032,55.03679598862948,1.5019247988299924,,,
2033,54.79037126373504,1.4579967393012625,,,
2034,54.97383557802277,1.5509472914760951,,,
2035,54.68387441309174,1.437410484861573,,,
2036,54.37607299882853,1.541835697631495,,,
2037,54.41855587465726,1.508581832145023,,,
2038,54.934563815536876,1.5404896733512794,,,
2039,54.97541157979316,1.459273102869229,,,
2040,54.751507615373,1.4964583027144958,,,
2041,54.84235884319024,1.5161224407053462,,,
2042,54.83328037692422,1.4962142942808492,,,
2043,55.103711959753326,1.4635597938127123,,,
2044,54.89959146434826,1.5112024042633243,,,
2045,54.74328481809662,1.54728317722056,,,
2046,54.255295974752286,1.4561708863044682,,,
2047,53.714379237297756,1.482775465995479,,,
2048,52.97884371023585,1.344334633232102,,,
2049,52.49392950686311,1.432059806153991,,,
2050,53.07301598126833,1.5211141785412812,,,
2051,53.98925707241425,1.581476130254395,,,
2052,54.93674368010244,1.586995679127339,,,
2053,55.37772978095437,1.525736997108449,,,
2054,55.610687392753036,1.529953006056663,,,
2055,55.73899224594918,1.523985134131817,,,
2056,55.43457329366321,1.4260633431762049,,,
2057,54.97899491586932,1.5359698250567342,,,
2058,55.044563479652396,1.471277088352259,,,
2059,54.42487823726749,1.4561424876392886,,,
2060,54.27122836878293,1.4658264583670795,,,
2061,54.14879400445321,1.4635992363954378,,,
2062,54.50536289104246,1.4979307282609635,,,
2063,54.57869859920142,1.4449014939998053,,,
2064,54.180121677301834,1.4065359730559102,,,
2065,53.49745788529381,1.4787820005054124,,,
2066,53.72660183540976,1.5425331373154958,,,
2067,53.978555367070484,1.4497629069224292,,,
2068,53.82974942294323,1.4153317947917419,,,
2069,53.87269856025532,1.474525787397287,,,
2070,53.99652941107443,1.4951397165633957,,,
2071,53.9375339409242,1.462823255517726,,,
2072,53.580312112842975,1.4806613271583515,,,
2073,53.50048400971842,1.504815259933854,,,
2074,53.56015057026539,1.45141844235431,,,
2075,52.95715413569155,1.367451377589556,,,
2076,52.166622965617805,1.4324031749179205,,,
2077,51.73330829167429,1.4796320535456424,,,
2078,51.41068460013065,1.4492769990818417,,,
2079,51.19636077745431,1.4570145461516595,,,
2080,51.16937494880649,1.4567999406796697,,,
2081,51.21537011906851,1.4927850590127203,,,
2082,51.146257251670065,1.4824440075463252,,,
2083,51.358793366053845,1.5835724997586609,,,
2084,51.56465912444028,1.4938567226537016,,,
2085,51.3862985377356,1.395837628254677,,,
2086,51.0642988087168,1.3882969416129824,,,
2087,50.90654505898377,1.4619053028777351,,,
2088,50.81767807693106,1.389513207506012,,,
2089,50.64118031673995,1.4518295674753379,,,
2090,51.224433474431365,1.5422615326023423,,,
2091,52.14082390511891,1.5375634027361267,,,
2092,53.45071134838097,1.554883681331625,,,
2093,54.19059847145911,1.4563278141298808,,,
2094,54.185311875306695,1.3800797515232945,,,
2095,53.37693561635949,1.2976963451481645,,,
2096,52.747472760869385,1.4933605491898905,,,
2097,52.906299805580375,1.433999182063101,,,
2098,52.76152439275971,1.43135403611882,,,
2099,52.5861323033152,1.4110978099223717,,,
2100,52.66231340568726,1.406294075169719,,,
2101,53.11495115185387,1.471627873972941,,,
2102,53.046349812305536,1.4499366993229768,,,
2103,52.961735853909865,1.398171293665607,,,
2104,53.13031725361299,1.5042038307247012,,,
2105,53.67866131085597,1.4058341915513677,,,
2106,53.50809116223494,1.4087393669736363,,,
2107,53.74519456432093,1.4108006390036487,,,
2108,54.013222807630186,1.4235898611020203,,,
2109,54.152066095943,1.3957068667253123,,,
2110,53.66299400267159,1.3019519530108719,,,
2111,52.86797736118632,1.3125200081362243,,,
2112,52.559708537375556,1.4176543417421394,,,
2113,52.93233359653699,1.4482323382639577,,,
2114,53.0271697407412,1.40282105427488,,,
2115,52.75440210789194,1.3882464126232312,,,
2116,52.268177472003714,1.3823832306792276,,,
2117,52.5363054258797,1.4816494627156076,,,
2118,53.30369234768637,1.4281767009193964,,,
2119,53.31234228448649,1.3716812721953857,,,
2120,52.819479786445484,1.35938799431208,,,
2121,52.37393870917859,1.3913382779642114,,,
2122,52.53647760867116,1.4406306112806953,,,
2123,53.10428165970545,1.3900865247126217,,,
2124,53.29507163571246,1.3307447747549683,,,
2125,53.0198715376324,1.3043314057498299,,,
2126,52.55077638789166,1.2982454992876655,,,
2127,52.19126642440923,1.391783818597513,,,
2128,51.92202108724875,1.3837685386838938,,,
2129,51.77668752131102,1.3950643062503219,,,
2130,51.56345567845723,1.3566266127033748,,,
2131,51.55864240242641,1.3786763359230627,,,
2132,51.9470828918675,1.408023516063671,,,
2133,52.157852985074115,1.44798824028182,,,
2134,52.153050796867376,1.392037342156059,,,
2135,51.724481147971545,1.333838044907726,,,
2136,51.74063708936217,1.4048924814607922,,,
2137,51.99493652789137,1.3621141961758079,,,
2138,51.611561854963746,1.2906433176750727,,,
2139,51.098646684441974,1.3451483560058737,,,
2140,50.92635897943822,1.3955457202468105,,,
2141,50.71877161150479,1.3521033440456582,,,
2142,50.78570100017814,1.4139656247346568,,,
2143,50.533379329125296,1.3542413883787463,,,
2144,50.394871536950646,1.4619840115919884,,,
2145,50.565440891035,1.4533857196880844,,,
2146,50.55158770498983,1.3799462221433514,,,
2147,51.074452786489516,1.5298872615361168,,,
2148,51.48489093387467,1.3861138567093547,,,
2149,51.85945948084809,1.4044801008252386,,,
2150,52.04506725829255,1.3532761016893695,,,
2151,52.584435806354,1.4719895160632344,,,
2152,53.26647252185792,1.42564755105372,,,
2153,53.71308733960125,1.545827978458552,,,
2154,53.78605004480022,1.4230327991576412,,,
2155,53.15047403621846,1.4546946761463755,,,
2156,53.22896769765947,1.4669765636261618,,,
2157,52.72086801567248,1.3985367968826814,,,
2158,52.51322323343588,1.4084256364315726,,,
2159,51.81773954204361,1.287284366274416,,,
2160,50.87278761136582,1.3239387449613866,,,
2161,50.22243241971343,1.2880663814694342,,,
2162,49.916819945698634,1.344073093422771,,,
2163,49.61008532091737,1.3014939608934928,,,
2164,49.21343299393372,1.3116965452366764,,,
2165,49.40663976252414,1.3674780956668335,,,
2166,49.27482152456447,1.2953798463568431,,,
2167,49.11939884886064,1.282831945065251,,,
2168,48.74085914692555,1.3003704110653673,,,
2169,48.41852862490427,1.3477071262984115,,,
2170,48.25377010773154,1.354935567183395,,,
2171,48.249282066798145,1.3326775311840413,,,
2172,48.19376649678851,1.3421316973535908,,,
2173,48.10412076540604,1.3603902419998481,,,
2174,47.91286603894008,1.3001569463639087,,,
2175,48.12168074603762,1.3780136043406606,,,
2176,48.31128445217348,1.339844522564331,,,
2177,48.59421345439252,1.341592774302098,,,
2178,48.2739006349612,1.1811542198811118,,,
2179,47.49945925459714,1.315241454544882,,,
2180,47.189087344555745,1.2828550891402493,,,
2181,46.98332205132442,1.252032735735315,,,
2182,46.94680675297539,1.227501565940307,,,
2183,46.992972101466904,1.25885137681748,,,
2184,46.911163760189154,1.3034575571838867,,,
2185,46.737537117932945,1.258313171043474,,,
2186,46.57106248413682,1.3127634282730885,,,
2187,46.64491867522116,1.3047897663852825,,,
2188,46.615996373674875,1.2797033960730264,,,
2189,46.59999383561073,1.317650426030072,,,
2190,46.614743964846895,1.3269362631137345,,,
2191,46.39120186794585,1.2638705390732285,,,
2192,46.1717686108082,1.2805056317712873,,,
2193,46.244072048191754,1.3076531312404918,,,
2194,46.42454261578011,1.320333184832471,,,
2195,46.47933980713805,1.3314093722044202,,,
2196,46.53071766571774,1.3230049677136382,,,
2197,46.43993814936959,1.332885915133083,,,
2198,46.63320922799526,1.3278683295075724,,,
2199,46.73588406437283,1.3351574824673453,,,
2200,47.462335124144104,1.3770332363635387,,,
2201,47.988816007377245,1.3080381297720762,,,
2202,48.03600501232446,1.2866274837655478,,,
2203,48.468848629683706,1.3876193416011136,,,
2204,48.855773180883205,1.3568601671490426,,,
2205,48.86517697203422,1.4004659135550788,,,
2206,49.48595455227138,1.4458769786165753,,,
2207,49.75830486092386,1.3313152185871993,,,
2208,49.565572368295186,1.4065661123233353,,,
2209,49.50326265151774,1.3500416542527804,,,
2210,49.65595593248804,1.3461101546938703,,,
2211,50.036342189153316,1.4371004206301483,,,
2212,50.41993727895698,1.402936541805226,,,
2213,50.68173258645221,1.4876550459948688,,,
2214,50.85433807099769,1.3822341477643072,,,
2215,50.67610526622475,1.4276473769951832,,,
2216,51.149532350377044,1.4890415714627907,,,
2217,51.31339744060577,1.3898412105389673,,,
2218,50.4973525191363,1.287865503706017,,,
2219,49.64514818352409,1.445153272339868,,,
2220,49.896733965224016,1.5001574429453182,,,
2221,50.13837482835933,1.3959633227368544,,,
2222,50.27596556820968,1.4147814593327555,,,
2223,50.03705670603836,1.3978815605236439,,,
2224,50.05562073433664,1.5250837743339882,,,
2225,50.66523556013897,1.5815636304656258,,,
2226,51.87003134269777,1.585019185253342,,,
2227,52.552054899895424,1.5406164355841339,,,
2228,53.23577091439189,1.5655483516483943,,,
2229,53.53922276392823,1.4858674364232924,,,
2230,53.8618655157514,1.5552504224715455,,,
2231,53.996124030056805,1.4005667764518563,,,
2232,53.21992466783604,1.4152828745724868,,,
2233,53.2399856747408,1.5259838044779133,,,
2234,53.84095542410326,1.512654693861992,,,
2235,53.81783446241297,1.465984444977704,,,
2236,53.60914328036087,1.419761394139307,,,
2237,53.05546149559427,1.4270095340733184,,,
2238,52.798246493217846,1.4389951938007308,,,
2239,52.90359265513569,1.5371446288018933,,,
2240,53.33970139193528,1.4537458379304435,,,
2241,52.967915216790395,1.3831342090976224,,,
2242,53.493713752218326,1.5978742271764252,,,
2243,54.006229133468025,1.4550172695253234,,,
2244,53.925463871025556,1.5101003489844425,,,
2245,54.346385329123294,1.5316880060682416,,,
2246,54.27688757573682,1.3858641545506427,,,
2247,53.92761930095779,1.5093508109855558,,,
2248,53.97667955503826,1.466466788005604,,,
2249,53.47357641753224,1.454186748820114,,,
2250,53.13075940473573,1.471332759996021,,,
2251,52.91428486606511,1.4467676200724289,,,
2252,52.55906145933044,1.5044409662690847,,,
2253,52.707469047676014,1.5851346063277276,,,
2254,53.37753119985717,1.5174514570971358,,,
2255,53.48362307564423,1.4408581652488062,,,
2256,53.351933426781045,1.424172707871364,,,
2257,53.28589485522424,1.3787331849057192,,,
2258,52.97026575887264,1.3737253182843046,,,
2259,53.101304424204706,1.4314899443450957,,,
2260,53.358189563808054,1.415779094407599,,,
2261,52.66052227939687,1.4038274847914134,,,
2262,52.34176007818573,1.4819673999906826,,,
2263,52.659286778598286,1.476929661092701,,,
2264,53.077699613675506,1.4950739192876474,,,
2265,53.510193945232814,1.5174355497860375,,,
2266,53.749791183054285,1.4615612541068455,,,
2267,53.806037763041246,1.4575879225212185,,,
2268,54.458761269168576,1.5457825476934999,,,
2269,55.080918901279624,1.5373375722381397,,,
2270,55.5099431033238,1.527992492260347,,,
2271,55.60167693594667,1.587126149314492,,,
2272,55.56833947891095,1.4479684085426385,,,
2273,54.858366019449754,1.4115189557641326,,,
2274,54.46581240332378,1.4471546332774499,,,
2275,53.977139657312016,1.379009098578939,,,
2276,53.796003960276536,1.5274935557774294,,,
2277,54.41346047040447,1.4889180904186838,,,
2278,54.41240016213891,1.4122780742232264,,,
2279,54.26594748778203,1.414052943608243,,,
2280,53.96825132725792,1.373153113467408,,,
2281,54.261681775286064,1.5896218562800992,,,
2282,54.806031543922984,1.4800322156415087,,,
2283,54.15315827223263,1.4803182866735078,,,
2284,53.52528975220959,1.4198083063473996,,,
2285,53.0554193314733,1.4735398126479433,,,
2286,53.19865784170681,1.5005365903221344,,,
2287,53.52524600625155,1.522009810507961,,,
2288,53.8977067702049,1.5353769826990156,,,
2289,54.368755435900695,1.4415847158320823,,,
2290,54.5714787101009,1.504901974227311,,,
2291,54.381941629231406,1.5012577569422831,,,
2292,54.16528598457715,1.4411738322877716,,,
2293,54.09347665180949,1.437335123718702,,,
2294,54.448471292122925,1.4947700162181017,,,
2295,54.34457175657259,1.4496941680229793,,,
2296,54.11838984228097,1.4215547842160454,,,
2297,53.54122781002221,1.3748887736572692,,,
2298,54.07586033102129,1.6026891464765252,,,
2299,54.98053598678955,1.50620701197267,,,
2300,55.028299983340844,1.4631401424864976,,,
2301,54.92817109753065,1.4583372681367446,,,
2302,55.02062667318147,1.487283900922538,,,
2303,55.513615467647526,1.5528845891975596,,,
2304,55.655851540495604,1.4582422539363686,,,
2305,55.307166917483585,1.4223132374212895,,,
2306,54.89872249448095,1.4626932170375713,,,
2307,54.081718619704276,1.325259376043158,,,
2308,53.47430190063821,1.4588234927845127,,,
2309,53.33829936358029,1.4236216185924844,,,
2310,53.27191974501821,1.5495280803406306,,,
2311,53.95437206071311,1.5184501910460066,,,
2312,53.8285709781162,1.377946417996091,,,
2313,53.75131561732323,1.5331891183152058,,,
2314,53.75866318687113,1.4450261590012918,,,
2315,53.60386163655558,1.5108795981997099,,,
2316,53.45278283323723,1.467420013567252,,,
2317,52.67812486647637,1.3876355516476757,,,
2318,52.09141429704988,1.521100816939415,,,
2319,52.510928506667966,1.61117511816168,,,
2320,52.634615719098306,1.4978395937851527,,,
2321,52.659933297866104,1.4994010065015408,,,
2322,52.26277179619936,1.3863125600132609,,,
2323,51.517769794760866,1.3597610091319636,,,
2324,51.454775055967566,1.432048489654291,,,
2325,51.22076427054287,1.4062147771400222,,,
2326,51.00671452440602,1.5109796492472511,,,
2327,51.16328306547441,1.4895933841028641,,,
2328,51.01352544604215,1.441243741213009,,,
2329,51.3339257261555,1.5225535820341964,,,
2330,51.77060029433206,1.5322349047295292,,,
2331,51.96642724553189,1.5610360903442146,,,
2332,51.63725205802758,1.4646322771657272,,,
2333,50.42565605860868,1.3253481665665765,,,
2334,50.342417050154474,1.6292259364741712,,,
2335,51.00265895559234,1.4709796258403216,,,
2336,51.10685236354311,1.4003786290705535,,,
2337,51.117100199031746,1.4839574065694652,,,
2338,51.36484013225118,1.4730099761292033,,,
2339,52.02275571263053,1.5922775378715213,,,
2340,52.361639562430405,1.4643036321526932,,,
2341,52.04896663904518,1.405401657511464,,,
2342,51.67906311453309,1.5112548352230901,,,
2343,51.72663009023301,1.3849185758212512,,,
2344,50.91193542441529,1.3638198946461149,,,
2345,50.36244322701025,1.4623380171114513,,,
2346,49.96824908192704,1.3499297006565396,,,
2347,49.34089096418348,1.4134070346015357,,,
2348,49.139766841447674,1.4027645293595261,,,
2349,48.88224994277738,1.4465705825606292,,,
2350,49.09899119492226,1.594752587471691,,,
2351,49.626130585014955,1.5638162683212238,,,
2352,50.03200317834643,1.4788713704611698,,,
2353,50.785436567561234,1.5528353652416038,,,
2354,51.534962489314594,1.498261170225451,,,
2355,51.461768718054515,1.4269073125455116,,,
2356,51.13084726858353,1.4672767078472417,,,
2357,50.81702412606869,1.3265174814655165,,,
2358,50.431808478646474,1.3917609684800265,,,
2359,50.68784651420132,1.504244565888757,,,
2360,51.46226631686007,1.5170803880936605,,,
2361,52.3723100713933,1.508166222174491,,,
2362,53.03670701358912,1.5610570932540389,,,
2363,53.384613886849294,1.4573459978593395,,,
2364,52.778576163763006,1.4216594365430033,,,
2365,52.14015799554842,1.4009432715601717,,,
2366,51.996031976711976,1.4278428255984388,,,
2367,52.293883129693455,1.5271172722328696,,,
2368,52.70313118684615,1.418465461713919,,,
2369,52.27393272463557,1.3532161664098623,,,
2370,52.09099162670674,1.548182807162057,,,
2371,52.41857279030683,1.5227508761958413,,,
2372,52.041347594200545,1.3664715124729212,,,
2373,51.527998743596044,1.4816054843491773,,,
2374,51.912132443518416,1.5361718482954765,,,
2375,52.3669020054608,1.4662324521999999,,,
2376,52.31891942087452,1.5064835923329851,,,
2377,52.05753062074325,1.4452995843204008,,,
2378,52.11454980846361,1.4915078690150716,,,
2379,52.63893558800973,1.530499557237643,,,
2380,53.13138184095402,1.409529675921583,,,
2381,52.89022225789833,1.461621443881233,,,
2382,53.05153633907625,1.5390586388108376,,,
2383,53.230288945569754,1.421006738874797,,,
2384,52.72473086845548,1.4426561752182263,,,
2385,52.425708453136295,1.4485314956524546,,,
2386,52.06285649734069,1.464073562138595,,,
2387,51.776051346974775,1.6319384477345709,,,
2388,52.56301328624987,1.779152179653532,,,
2389,53.760885831064186,1.9277992522481866,,,
2390,54.64312293335442,1.7565959957155004,,,
2391,54.709213321915584,1.5730092159856386,,,
2392,54.21932492873567,1.4537054845626365,,,
2393,53.40517783624182,1.4923419906081103,,,
2394,53.0189765003028,1.4530957887700324,,,
2395,52.978171687990894,1.5044430375444304,,,
2396,53.34157334611972,1.5682670597039716,,,
2397,53.51776533488767,1.5077637799165295,,,
2398,53.33391551901978,1.3937091740261625,,,
2399,53.147385540347415,1.4347441692762808,,,
2400,52.523582871120425,1.3353656720786455,,,
2401,52.37129302787396,1.5439081128868621,,,
2402,52.98076945986952,1.5189974039809193,,,
2403,52.67356407963251,1.3399263069909577,,,
2404,52.198142716562515,1.499255126622631,,,
2405,52.23402758610436,1.3828365409565007,,,
2406,51.55132435718973,1.2557880589810322,,,
2407,51.04132881264706,1.3918927300115858,,,
2408,51.368094423069024,1.45214086160769,,,
2409,52.066151778889974,1.435554232047763,,,
2410,52.62235236408212,1.4592331044231728,,,
2411,52.90846811554894,1.3562365932683014,,,
2412,52.54314554447352,1.2635423340061525,,,
2413,52.21490720960985,1.4284894306722402,,,
2414,52.08614077457426,1.311357002257838,,,
2415,51.40016338633738,1.2106995903179005,,,
2416,51.28486276555483,1.4608330495484294,,,
2417,51.81163604195959,1.365885096996372,,,
2418,51.6421497731409,1.2648573939504113,,,
2419,51.8224060487596,1.4606308345705803,,,
2420,52.11578951816962,1.3729801572282792,,,
2421,51.87082948570769,1.3773146350600567,,,
2422,52.561865607260856,1.537435945549319,,,
2423,52.82464508773462,1.3292581527225642,,,
2424,52.45716842085248,1.3497692038392712,,,
2425,52.69429568209271,1.4309009645118895,,,
2426,52.3761113948359,1.3153387466869608,,,
2427,52.020363451602385,1.4538792716321784,,,
2428,52.47041928593541,1.4554707362248562,,,
2429,52.69427137786454,1.3526399785853984,,,
2430,52.48362424519178,1.4415188340060798,,,
2431,52.963416871210775,1.5273429355165054,,,
2432,53.32512064981028,1.383201823746378,,,
2433,53.13142860161648,1.5430678259225656,,,
2434,53.23760939990767,1.395779027572695,,,
2435,52.7617626851535,1.3510696234114796,,,
2436,52.63926836856932,1.4783186492275608,,,
2437,52.77878043619258,1.380023409190215,,,
2438,52.79283815290481,1.3555457748933093,,,
2439,52.7418916323316,1.5262337865830597,,,
2440,52.68828766587012,1.3955757309180643,,,
2441,52.629889761129164,1.4162893827570622,,,
2442,53.01388837950347,1.5062700048761535,,,
2443,52.75368850726265,1.4329357592501397,,,
2444,51.8949692923545,1.3986314140988518,,,
2445,51.34876104743921,1.3777689131128723,,,
2446,50.67565599734061,1.3681273942470635,,,
2447,51.125274145588534,1.609473200424697,,,
2448,52.582544962837666,1.5445681639109712,,,
2449,52.9425592697523,1.324526015354582,,,
2450,52.66169144392224,1.4774730791192636,,,
2451,53.501657083663595,1.571598685540647,,,
2452,53.60557156411508,1.3311184616311333,,,
2453,53.35340113395969,1.4527728552096644,,,
2454,53.63039850586216,1.439840339359781,,,
2455,53.70229556887108,1.3926017787193663,,,
2456,53.49377018595582,1.4909377266610206,,,
2457,53.38458120355738,1.377746517852252,,,
2458,53.0569955924628,1.3754448000539714,,,
2459,53.45958187543851,1.5039841890088568,,,
2460,54.0885235773554,1.4701924453012976,,,
2461,54.11860904861604,1.429033515010915,,,
2462,53.99997668077687,1.4385786258729383,,,
2463,53.7901747563622,1.4233467835331144,,,
2464,53.637376251713924,1.4728200821869009,,,
2465,53.639884608071995,1.5014437325433196,,,
2466,53.91737988649739,1.3958061576979939,,,
2467,54.539723590732095,1.5950922373174954,,,
2468,54.89361975705753,1.4148604924926407,,,
2469,54.206225349527706,1.3543651573587139,,,
2470,53.569673264964266,1.5227944611127244,,,
2471,53.59775261134851,1.6797676296342399,,,
2472,55.468153476012915,2.223737516168139,,,
2473,57.32615658106158,2.0950335777427647,,,
2474,57.40875049635089,1.6446829358577568,,,
2475,56.51984834330697,1.4535140990865392,,,
2476,56.27187082605906,1.5920469979125669,,,
2477,56.039916743800454,1.4568413891933585,,,
2478,55.227317660657015,1.442773435825144,,,
2479,55.08693484203376,1.4788893278351034,,,
2480,55.42005725414673,1.4445575347432353,,,
2481,55.379028429214124,1.393748613948332,,,
2482,55.69644574054874,1.4577372005788394,,,
2483,56.52610869475982,1.479400071609786,,,
2484,57.76785764693345,1.4502386320354093,,,
2485,58.06387202276548,1.4101546346863594,,,
2486,58.23196441625573,1.4314253087912987,,,
2487,58.559862446811096,1.3999552181664154,,,
2488,58.7191241655339,1.4025077001960489,,,
2489,58.97141085958112,1.4263511590114446,,,
2490,58.87814606268954,1.4455322337215806,,,
2491,58.277731951099724,1.3277878926699742,,,
2492,57.54216925709314,1.3491206094925843,,,
2493,57.75593615221404,1.4825833185674098,,,
2494,58.12055529555302,1.4531164256125664,,,
2495,58.579777393177466,1.46147747121433,,,
2496,59.12277052523266,1.4998179461874583,,,
2497,59.07627051039711,1.3923911024644733,,,
2498,58.45642487411088,1.3809409405913189,,,
2499,58.42478114220984,1.5161464197677317,,,
